0 21 23 24 25 26 28 29
1 33
2 24 34 35 36 37 38 39 40 42 43
3 45 46 48 49 50 51 54 55 56 57
4 58 59 60 61 62 63 64 65 66 68 69 70
5 72 74 75 76 77 78 80
6 72 75 82 83 84 85 86 87 89 90 91 92
7 93 94 96 97 98 99 100 101 102
8 51 55 104 105 106 107 108 109 111 112 113 114
9 79 115 116
10 43 96 118 119 120 121 122 123 124 126
11 55 74 79 80 87 127 129 130 131 132 133 135 136
12 138 139 140 142 143 144 145 146 147 148 149 150 151 152 153
13 154 156 157 158 159 160 162 164 165 166
14 98 131 167 168 169 171 172 173 174 175 176 177 178 180 181 182 183
15 78 79 133 137 184 185 186 187
16 52 188 190 192 193 194
17 36 195 197 201
18 74 79 130 135 177 202 203 204 206 207
19 102 125 208 209 210 211 212 214 215 216 219 220
20 34 36 52 109 221 222 223 225 226 228 229
21 74 110 230 231 232 233 234 236
22 72 74 75 79 80 87 135 237 238 239
23 3 240 241 242 243 244 245 246 247 248 250 251
24 34 40 80 104 137 187 252 253 254
25 28 256 257 258 260 262 263
26 47 77 80 130 135 185 266
27 55 79 133 171 267 268 269
28 13 155 227 254 265 271 273 274 275 276 277
29 44 52 96 210 221 278 279 280 281 282 283
30 34 40 42 165 253 284 285 286 287 288 289 290 291
31 52 221 293 294 295 296 297
32 298
33 47 199 208 210 267 301 302 303 305
34 164 306 308 309 310 311 312 313 314 316 317
35 55 118 119 293
36 6 319 320 321 322 323 324 325 326 327 328
37 15 330 331 332 333 334 335 336 338 339 340 341 342 343 344 345
38 250 346 347 348 349 351
39 41 55 96 133 352 353 354 355
40 24 46 70 96 118 196 356 357 359 360 361
41 7 191 250 362
42 74 81 87 135 202 204 363 365 366 367 369 370 371 372
43 79 80 87 171 373 374 375
44 74 77 79 115 127 185 254 377 378
45 61 66 254 379 380 381
46 16 54 74 78 382 383 384 385 386
47 46 52 55 105 187 387 388 389 390 391 392
48 36 42 209 242 346 393 394
49 119 208 218 396 397 398 399 401 402 403
50 74 87 98 127 132 404
51 72 74 87 127 132 133 237 405 406 407 409 410
52 70 376 411 412 413 414 415 416 417 419 420 422 424 425 426
53 37 55 105 109 391 427 428 429 430
54 46 96 118 185 302 303 431 432
55 98 184 185 206 232 433 434 435 436
56 72 96 100 155 293 438 439 440 441 442 443 444 445 447
57 33 158 197 449 450 451 452 453 456 457 458 460 461 462 465
58 61 165 467 469 470 471 472 473
59 43 52 445 474 475 476 477 478 479
60 36 40 141 242 480 481
61 67 356 482 484 486 487 490 491 492
62 47 96 208 210 493 494 495
63 26 257 260 275 487 496 497 498 500 502 503
64 73 77 80 81 128 130 135 507
65 67 128 156 419 422 509 510 512 513 514 515 517 518 520 521
66 36 55 60 107 295 392 522 523 524 526 527 528 529
67 42 241 242 245 250 285 532 533 535 536
68 22 66 72 80 117 185 254 538 539
69 13 25 221 257 275 331 446 541 542 544 545 546
70 126 171 547 548 549 550 551 552 553 555 556 557 558 559
71 47 96 102 130 133 171 254 374 376
72 93 562 564 565 566
73 40 105 107 133 391 567 568 569 570 571 572 573
74 119 155 220 314 460 574 576 577 578 579 580
75 55 75 76 79 134 583 584
76 199 208 212 585 587 588 589
77 70 590 591 592 593 594 596 597 600 601 602 606
78 106 159 607 608 609 610 611 612 613 614 615 617 618 619 620
79 36 44 622 624 625 626 627 628 629 630 631 632 633 634 636 637 639 641 642 643 644 645 646
80 52 190 242 647
81 210 221 242 252 474 648 649 650 651 652 653 655
82 96 125 208 213 218 220 432 657 658 659
83 66 74 81 87 115 127 132 185 372
84 45 48 54 111 151 453 511 614 663 664 667 669 670
85 47 55 118 127 267 303 671
86 133 672 673 675
87 164 224 275 307 541 546 677 679 680 681 682 683 684 685 688 689
88 74 535 690 691
89 105 111 223 516 670 697
90 74 77 118 127 134 135 184 185 206 572 698 699 700
91 26 52 74 87 133 399 701 702
92 165 197 208 523 575 703 705 706 707 708 709 710 711
93 78 80 538
94 55 96 105 187 354 357 572 708
95 133 354 686 712
96 47 52 78 102 199 267 303 713
97 67 608 670 715 716 717 718
98 24 46 55 287 445 498 720
99 42 78 302 305 325 391 723 725 726
100 155 156 196 197 198 314 460 509 582 729 730 732 733
101 155 291 391 733 734 735 736 737
102 52 97 151 250 325 545 738 739
103 7 12 34 42 315 325 393 741 742 743 744 745 746 747 749 750 751 752 753
104 105 528 755 756 757
105 78 79 87 93 96 99 101 566 758 759 760 761 762
106 46 100 107 155 763 764 765 766 767 768 769 770
107 52 96 245 250 285 771 772 773 774 775 776
108 36 105 191 777
109 774 778 779 780 781 782 783 784 785 786 787 788
110 62 128 157 418 601 789 790 791 792 793 795 796 797
111 28 96 116 191 257 259 499 542 798 799
112 96 216 477 493 800 801 802
113 34 42 209 211 242 245 285 289 459 803 805 806 807
114 81 96 118 137 270 809
115 126 134 171 560
116 148 160 810 811 812 813 814 815 816 817 819 820
117 24 111 187 199 208 210 361 528 708 767 821 822 823 824 825 826 827
118 96 100 118 119 133 445
119 96 133 828 829
120 41 63 79 80 115 118 188 830 831 832
121 118 504 754 756 833 834 836
122 48 114 159 252 715 837 838 839 840
123 66 72 79 91 104 137 185 237 254 378 841 842
124 75 87 91 127 131 132 237 372 373 378
125 309 510 843 844 845 846 848 849 850 851 853 854 855
126 74 79 87 131 135 184 185 206 261 376
127 75 79 81 87 118 130 135 171 184 206 364 377
128 73 77 79 98 135 185 254 261 373 374 698
129 0 4 13 98 126 185 254 334 446 857 858 859 860 861
130 74 80 98 115 132 133 377 539 862
131 22 24 61 127 472 863
132 55 118 119 242 427 870 871
133 46 48 54 57 154 293 516 875 876 877 878
134 36 221 879 880
135 161 227 277 307 617 686 799 882 887 888 890 891
136 90 191 892 893 894 895 896
137 77 80 81 87
138 75 76 78 115 137 267 389 777 832 900
139 75 79 373 566 758 759
140 47 74 79 87 127 134 237 254 901 902
141 109 157 165 286 361 508 733 905 906 907 909 910 911 912 914
142 109 118 126 254 699 772 915
143 66 79 87 171 917
144 41 45 134 188 560 917 918
145 52 79 102 772 919 920 921 922 923
146 27 35 42 43 54 55 104 126 293 655 924 925 926 927 928 929 930
147 7 17 47 102 118 126 242 302 564 871 931
148 936 938 939 940 942 943 945
149 36 37 46 109 391
150 36 805 947 948 949
151 75 79 90 98 137 185 206 238 373 832 900 950 951 952 953 954 955
152 24 27 43 52 66 72 74 81 96 116 137 237 268 352 385 956 957
153 100 211 835 870 968 969 970 971 973 974
154 134 472 721 863 976 977 978
155 232 377 674 979 980 981 982 983 984 987 988
156 34 45 159 495 989 990
157 44 54 221 475 527 998 999 1000
158 111 159 163 187 196 422 508 509 513 516 517 708 1003 1004 1005 1006 1007 1008 1009 1010
159 199 220 242 393 401 481 654 1012 1013
160 46 52 55 57 102 133 199 413 572 708
161 36 46 72 105 107 119 190 356 357 361 608 765 1014
162 36 46 102 105 109 302 918 1016
163 41 1017 1018
164 66 473 674 979
165 16 54 105 107 196 498 799 878
166 34 36 42 52 100 109 250 285 362 507 654 930
167 42 211 289 531 740 774 879 941 945 1023 1024
168 89 96 528 808 1025 1026
169 197 308 928 1027 1028 1029 1030 1031 1032 1033 1034
170 60 477
171 548 893 1035 1036 1037 1038 1039 1040 1041 1042
172 36 52 145 277 286 354 445 883 1045 1046 1047
173 34 36 104 126 883 1048 1049 1050 1051
174 118 221 271 650 1053 1054 1055 1056 1058 1059 1060
175 52 96 102 126 127 184 376 772 841
176 23 28 34 36 191 257 483 498 879 1057 1062
177 109 119 125 210 221 286 712 989
178 276 798 1064 1065 1066 1067 1068 1069 1070 1071
179 20 37 52 332 474 956 1072 1073 1074
180 35 1077
181 24 36 131 137 1079 1080 1082 1083
182 22 56 223 456 474 854 1039 1085 1086 1087
183 36 52 105 141 151 388 1089 1090 1091
184 52 109 110 133 190 293 765 1092 1093
185 46 124 210 212 219 286 325 770 776 823 1097 1098 1099
186 36 55 191 357 442 1105 1106 1107 1108
187 126 300 555 1109 1110 1111 1112 1113 1114
188 217 219 446 505 740 1115 1117 1118
189 118 208 214 215 303 776 1119 1120 1121 1122 1123
190 219 305 1015 1125 1126 1127 1128 1129 1130 1131 1132 1133 1134 1135
191 47 118 199 303 577 659 770 1100 1136
192 46 187 223 252 413 474 1138
193 72 90 254 280 302 305 378 382 906 1141 1144 1145
194 3 7 12 325 393 545 1146 1147 1149 1150 1151 1152
195 47 74 75 79 81 87 96 115 118 127 171 1153 1154
196 192 254 445 1155 1156
197 4 13 41 44 52 445 569 1157
198 243 250 347 532 535 536 806 1158 1159 1160 1161 1162 1163 1165 1166 1167
199 36 46 60 70 96 102 119 212 581
200 87 171 380 538 897 1016
201 1023 1168 1169 1170 1171 1172
202 80 231 295 445 498 767 891 957 1174 1175 1176 1177 1178
203 53 541 1094
204 36 224 303 427 445 771
205 41 78 79 89 95 96 118 286 575 772 1180
206 46 55 105 109 154 607 1092 1181 1182 1183
207 75 79 87 91 184 237 832 951 1188
208 85 257 277 498 608 883
209 218 220 395 581 800 1077
210 74 79 134 135 184 185 254 376
211 87 98 99 101 127 135 184 377 566 758 759 761 1190
212 51 53 196 297 719 1191 1192 1193
213 47 77 126 128 223 325 968 1195 1196
214 78 87 115 267 1198 1199
215 77 81 87 132 135 1201
216 73 74 77 81 87 692 1204 1205 1206
217 55 96 127 254 267 376 1208
218 67 74 107 426 601 735 1209 1210 1211 1212
219 7 36 42 211 289 655 806 927 1213 1215 1216 1217
220 45 52 55 126 136 386 694 1218 1219
221 36 46 53 57 105 111 159 221 354
222 109 362 450 947 1220 1221 1222 1223
223 80 98 118 376 404
224 3 109 654 655 755 1118 1225 1226 1227
225 73 75 87 115 202 372 1229
226 22 24 72 104 117 131 137 237 252 413 483 957
227 46 61 118 125 920 1153 1230 1231
228 575 1040 1239 1240 1241 1242
229 72 73 78 81 87 98 131 185 538 698 1244 1245
230 47 79 118 210 253 303 714 772 776 802 902
231 36 42 53 191 250 362 426 1247 1248 1249 1251
232 46 105 1183 1252 1253 1254 1255 1256
233 79 98 131 132 137 184 185 385 951 1218 1257 1258
234 52 61 74 87 171 364 539 859 918 1259 1260
235 102 219 920 1172 1180 1261 1262 1263
236 52 314 465 477 482 486 582 1264 1265
237 41 45 63 75 87 917 1259 1260 1266
238 0 8 10 13 307 329 330 332 333 337 344 345 971 1267 1268 1269 1270 1271 1272 1273
239 74 79 87 133 184 206 915 919
240 126 130 176 438 442 558 897 1276 1277 1278 1279 1280
241 96 102 136 208 376 494 906 1098 1281 1282
242 286 450 924 947 1029 1147 1220 1284 1286 1287 1288 1289 1290 1291 1292
243 26 257 276 442 499 542 544 879 1057 1278 1293 1294
244 118 192 261 1093 1295 1296
245 102 119 165 280 286 776 1012 1283
246 37 41 221 252 353 354 355 385 499 1298
247 110 115 130 137 184 185 377 1018
248 740 805 1299 1300 1301 1302
249 36 41 96 253 738 1303
250 764 1304 1305
251 73 79 87 171 206 363 377 1201 1202
252 96 119 128 302 802 1030 1309 1310 1311 1312
253 66 445 953 1199 1317
254 13 109 257 498 499 1318
255 6 7 13 14 35 197 331 333 857 1319 1320 1321
256 96 98 254 373 377 399 1322
257 118 212 218 302 398 1119 1172 1261
258 36 110 187 275 438 863 1325 1326 1327 1328
259 96 190 241 805 1329 1331
260 34 36 52 228 1249 1333 1334
261 21 261 474 479 483 844 854 1335 1336 1337 1338 1339
262 119 286 531 756 1063 1340 1341 1342
263 52 96 102 133 134 250 998
264 66 74 77 87 98 115 117 127 133 373
265 36 52 102 109 278 1345 1346 1347 1349 1350 1351
266 36 46 52 78 80 96 102 105 107 118 133 136 235 920
267 25 361 1057 1353 1354
268 79 184 377 382 538 1355 1356 1357 1358
269 34 36 109 362 1362
270 681 1363 1365
271 200 1333 1367 1368 1369 1370 1371 1372 1373 1375
272 36 241 242 347 392 1148
273 1376 1377 1378 1379 1381 1382 1383
274 53 56 141 159 163 223 453 615 695 863 1253 1384 1386 1387 1388 1390
275 46 47 78 280 863 1140 1391 1392 1393 1395
276 41 46 105 399 413 863 1259 1397 1398 1399 1400
277 43 188 190 347 1253 1402
278 55 127 171 188 194 235 469 528 863
279 66 73 75 131 135 1403
280 55 102 138 187 325 788 1103
281 37 109 445 483 878 956 1315 1404 1405 1406 1407
282 74 75 80 96 98 135 185
283 13 96 118 332 1001 1408
284 21 200 1311 1374
285 210 242 243
286 77 80 128 130 135 137 237 361 376 1409 1410 1411 1412 1414
287 572 821 838 918 1218 1415 1418
288 78 93 99 566 758 1316 1419 1420
289 5 7 217 241 245 806 1029 1117 1422
290 41 52 118 184 699 700 1122 1185 1186 1423 1424
291 46 52 55 80 105 118 127 863 1259
292 46 96 125 543 655 1184 1425 1426 1427 1428
293 36 52 947 949 1429 1431 1432 1433 1434 1435
294 87 128 136 235 267 979 1436
295 46 210 827 1131 1437 1438
296 8 21 22 53 110 147 184 307 329 681 886 902 939 988 1439 1440 1441 1442 1443 1444
297 325 1167 1446 1447
298 77 80 118 128 136 137 206 376 1448 1449 1450 1451 1452
299 36 42 241 284 289 348 747 928 1445 1454
300 0 5 331 460 478 732 1275 1422 1455
301 79 127 134 560 917 976
302 81 98 130 137 185 268 270 692 1258 1408 1457
303 46 96 105 254 280 859 1459
304 46 52 55 61 72 74 117 127 236 252 1257 1461
305 79 87 184 185 437 538 1199
306 91 98 254 267 399 919 923 1230 1462 1463
307 55 63 75 77 134 377 399 1464
308 66 78 87 96 1026 1465 1466
309 46 96 105 190 250 392 523 652 740 946 1103
310 87 115 118 126 145 171 433 551 1468 1469
311 24 35 96 118 187 196 197 253 438 474 673 729 752 1470
312 3 1150 1472 1474 1475
313 805 1330 1476
314 77 79 80 81 87 98 130 134 135 185
315 126 127 1026 1404 1477 1478
316 314 510 763 962 1010 1481 1482 1484 1486
317 24 36 46 107 190 221 295 474 765 956 1487 1488
318 210 241 1489 1490 1491
319 104 109 277 1492 1493 1494 1495
320 46 187 359 413 572 708 1138 1496
321 47 55 102 105 114 134 392 528 861 863 1174
322 96 102 118 216 376 1497 1498
323 87 115 127 184 863 1500
324 111 303 460 589 708 863 1097 1175 1501 1502 1503
325 66 72 74 79 87 88 237 539
326 47 79 133 267 434 923 1258 1409 1504
327 22 80 109 131 133 135 184 238 377 538 1505
328 79 81 87 134 184 374
329 77 87 96 98 185 1200 1506
330 55 80 96 118 538
331 187 199 215 303 304 1503
332 155 187 293 295 460 517 1138 1237 1508 1509 1510 1511
333 35 46 158 360 442 486 708 1100 1136 1512 1513 1514 1515 1517
334 30 275 497 500 1277 1293 1352 1520 1521
335 442 1522
336 73 74 87 127 134 377
337 55 267 1523 1524 1525
338 208 210 738 1342
339 35 36 48 141 297 471 864 1526 1527
340 30 867 958 1010 1105 1374 1514 1528 1529 1530 1532 1534
341 36 53 155 156 196 362 615 735 888 1416 1514 1535 1536
342 47 78 102 119 833 906 920 1538 1539 1540
343 223 224 462 883 1004 1047 1174 1325 1541 1543 1544 1545
344 46 106 878 1257 1396 1547
345 22 37 80 90 118 235 353 1550
346 445 476 577 659 754
347 38 53 96 100 756
348 26
349 22 79 185 232 377 538 799
350 36 476 1553
351 7 55 242 245 250 300 535 657 989 1175 1224 1248 1554
352 36 52 96 145 542
353 73 77 79 81 87 115 127 135 1557
354 20 157 417 520 1000 1407 1516 1560 1562 1564 1565 1566 1567 1568
355 37 41 57 75 133 235 252 270 859 1324 1570
356 79 96 98 118 126 184 557
357 102 236 651 1571 1572 1573 1574 1575
358 45 137 295 361 1235 1337 1469 1576 1577
359 55 96 100 217 442 544 673 740 800 1276 1277 1471 1518 1551 1580 1581 1582 1583 1584
360 72 73 77 80 81 135 171
361 96 118 304 1588
362 78 91 102 232 377 1589 1590 1591
363 46 47 141 276 280 1593
364 36 60 1016 1185 1254 1322 1399 1424 1595 1596 1597
365 52 96 216 325 393 395
366 192 275 1598 1599 1600
367 0 4 13 254 334 445 654 857 858 860 887 1051 1303 1347 1348 1601
368 36 46 57 114 155 279 356 418 523 850
369 74 75 115 127 134 185 254 377 434 560
370 74 79 130 184 254 361 363 859 1602
371 87 102 802
372 36 325 393 1276
373 4 98 136 185 972 973 1315 1604 1605 1606 1608 1609
374 96 102 494 1172 1261 1262 1363 1589 1610
375 72 74 77 79 87 88 117 128 135 1232 1557 1612 1613
376 34 42 362 531 879 930 1476 1615 1616
377 107 356 484 611 852 1079 1517 1586 1617 1618 1620
378 46 55 388 523 697
379 117 126 127 136 389 1448
380 266 301 305 1621
381 70 87 96 120 1623 1625 1626 1627 1628 1630
382 46 127 134 267 435 471 863 895 1230 1231 1631 1632
383 52 74 96 127 136 376 560 1011 1633
384 63 79 171 185 374 863
385 78 98 131 171 184 185 254
386 35 155 196 308 677 727 729 776 928 1502 1634 1635 1637 1638 1640 1641 1642 1643 1645 1646 1647
387 37 72 75 87 106 237 353
388 48 106 159 163 190 235 511 878 1556 1648 1650
389 77 81 87 130 192 253 538 1025 1202 1258 1652
390 37 267 1057 1653 1654 1656 1657 1658 1659 1660 1661
391 74 75 87 134 135 1091
392 189 191 257 445 1665 1666 1667 1668
393 7 40 213 250 325 347 442 654 756 1669 1670
394 75 79 87 98 118 171 184 206 376 538
395 24 35 155 158 165 195 196 198 462 478 928 1136 1528 1530 1671 1672
396 102 136 507 1502 1547 1589
397 26 161 257 265 1353 1660 1676 1677
398 257 799 1476 1678 1679 1680
399 52 55 96 102 105 188 242 267 756 1103
400 52 118 119 133 771
401 7 9 125 242 477 1148 1554 1681 1682 1683 1684 1685 1686 1687
402 51 163 196 362 617 886 1326 1467 1688 1689
403 199 280 302 303 304 494 708 776 822 1503 1691
404 354 567 922 1345 1693
405 79 88 98 238 1694 1695 1696
406 4 10 11 17 60 333 337 343 498 799 971 1267 1269 1272 1348 1698 1699 1700 1701
407 67 128 426 601 790 795 796 1623 1702 1703 1704 1706 1707 1708 1709 1710 1711
408 54 56 111 154 155 158 295 358 508 517 616 703 704 878 1088 1586
409 22 24 131 221 293 356 852 1445 1574 1713
410 13 74 270 445 477 1133 1714 1715 1716
411 21 36 42 624 632 635 640 1717 1718 1719 1720 1721
412 4 315 393 676 961 964 1639 1722 1723 1724
413 36 224 354 445 499 1045 1046 1726
414 33 195 508 967 1728 1729
415 7 36 42 803 1148 1214
416 34 36 42 228 362 929 1140 1732 1733 1735
417 78 79 80 87 96 184 185 267 538 1736
418 26 30 36 141 191 257 1293 1737
419 109 141 863
420 224 226 227 307 356 541 546 676 883 933 960 1269 2572 3057 3842 3843 3844 3845
421 35 100 155 196 286 307 460 498 654 684 732 886 975 1338 1739 1740
422 134 171 560 1185 1424 1741 1742
423 42 97 244 442 681 777 1743 1744 1746 1747
424 46 47 114 118 126 155 989 1502
425 7 788 805 1749
426 109 155 356 391 1036 1311 1342
427 133 727 787 1750 1752
428 54 557 670 1416
429 60 195 442 478 554 729 895 1277 1754
430 46 55 105 187 190 571 697 764 1755 1756 1757 1758 1759
431 46 52 54 55 105 109 112 190 293 354 389 516 766
432 80 87 98 114 126 134 254 539 1200 1760
433 49 1761 1764 1765 1766 1768 1771 1773 1774
434 353 468 554 608
435 36 211 250 285 286 1166 1776 1777 1778
436 74 79 127 171 185 542 919
437 36 111 964
438 55 98 130 135 376 1185 1258
439 75 127 385 809 1418 1590 1779 1780 1782 1783 1784 1785 1786 1787 1788
440 80 253 261 356 358 1312 1789 1791
441 45 46 55 56 105 118 188 190 293 389 391 528 712 1792 1793
442 46 96 107 120 293 571 696
443 47 77 80 87 131 433
444 102 105 219 941 1133 1172 1253 1261
445 81 87 118 133 135 897
446 275 498 686 1105 1529 1794 1795 1796
447 78 104 127 131 137 187 235 413 469 863
448 55 102 118 190 473 858 1798
449 20 52 254 476 729
450 229 325 1389 1514 1662 1802 1803 1804
451 66 87 135 1244
452 115 184 377 951 1806
453 46 60 105 109 190 286 523 608 1807
454 36 105 141 1140 1617 1808
455 47 55 104 118 126 545 863 915 1608
456 34 147 346 522 788 991 1810 1811
457 511 1812 1813 1815 1816 1817
458 30 96 227 445 1818
459 72 74 79 132 137 185 237 238 951 1819 1820
460 66 79 87 206 560 830 1821
461 3 4 13 36 42 126 273 277 329 332 334 337 1303
462 74 79 131 134 171 538
463 41 58 74 75 77 80 81 87 590
464 109 126 127 245 1315
465 155 156 314 800 1487 1822 1823
466 41 79 127 171 184 254 267 832 1461
467 66 72 87 135 237 539 1412 1824
468 78 79 87 127 171 254 361 376 538 1412 1825
469 36 47 184 185 304 376
470 4 15 46 118 227 343 1422 1691 1699 1828 1829
471 46 1345 1346 1347 1348 1830 1831 1832 1833 1834 1835 1836 1837 1838
472 290 1089 1839 1840 1841 1842 1843 1844 1845 1846 1847 1848
473 52 118 184 209 726 1297
474 2 96 118 507 1346 1419
475 36 55 105 109 111 210 228 765 1536
476 43 100 210 211 217 653 1262
477 24 46 53 54 55 187 413 767 1850 1851 1852 1853 1854
478 47 87 118 184 185 254 378 399 406 473 860 916 1856 1857 1858
479 46 55 105 111 422 508 512 695 878 1393 1860 1861
480 102 254 277 304 915 933 1315
481 56 187 295 422 508 510 821 852 1081 1864 1865
482 66 130 135 185 206 560
483 6 96 241 245 285 477 1224 1321
484 13 43 227 442 445 498 771 915 1341 1828 1866 1867
485 45 46 47 96 105 118 219 282 301 714 776 1172 1180 1868 1869 1870
486 36 46 105 112 764 1874 1875 1876
487 199 210 303 352 714
488 128 755 771 899 998
489 135 233 374 698 923 957 1258 1325
490 275 362 879 1362 1491 1533 1734 1879
491 55 137 187 192 854 1385 1545 1725 1821 1880 1881 1882 1883
492 78 135 206 267 538 698 1324
493 46 52 102 266 301 302 303 305 713 714 920 1297
494 66 383 547 551 558 662 893 1142 1601 1886
495 72 73 80 87 132 135 445
496 74 80 399 437 538 830 832 917 1397 1887
497 36 41 52 364 542 548
498 52 79 363 698 758 1199 1888
499 74 80 135 377 538 1889
500 40 47 96 109 118 120 445 474 1057 1891 1892 1893
501 22 104 277 799 882 883 889 1174 1493 1894
502 20 34 36 774 1397
503 24 35 40 114 245 293
504 213 355 926 1020 1021 1031 1078 1804 1897 1898
505 43 45 47 96 118 126 133 494 1122 1651 1899
506 9 34 36 42 211 242 883 1290 1901 1902 1903
507 105 109 157 223 228 306 765 939 1105
508 3 9 12 42 749 996 1029 1146 1148 1904 1905 1906 1907
509 36 608 867 1105 1214 1812 1908 1909
510 44 216 325 788 1445 1910
511 47 55 118 154 210 1020 1777 1911
512 576 1912 1913 1915
513 66 132 404 1916
514 72 88 98 237 1549 1917 1919 1921
515 165 261 358 438 442 708 1197 1922
516 8 15 126 329 332 334 335 337 443 675 972 973 1270 1608 1925
517 132 755
518 36 52 608 1662 1926 1927
519 0 45 107 190 223 257 277 356 883 1175 1929
520 58 77 192 419 1202 1228 1232 1613 1711 1930 1931 1932 1934 1935 1936 1937 1938
521 232 672 1325 1439 1940
522 145 146 147 820 1942 1943 1944 1946 1947 1948
523 22 24 26 221 257 275 293 445 858 1257 1949
524 329 336 337 345 354 1267 1272 1493 1807 1951
525 16 48 53 106 111 282 511 878 1556 1650
526 46 52 55 72 74 161 221 353 492 1952
527 66 87 133 467 830 1231 1259
528 70 80 128 376 590 790 807 1624 1627 1629 1953 1955 1957 1958
529 22 74 87 116 117 127 202 204 861 862 957
530 74 79 132 137 171 361 1959
531 70 790 791 795 1706 1960 1961 1962 1963 1964
532 52 96 118 119
533 46 80 118 133 445
534 25 143 223 228 474 727 1042 1236 1966 1967 1968 1970 1971 1972
535 36 55 227 275 474 1973
536 47 78 79 184 185 266 301 494 713 714 1974
537 7 325 1554 1975 1976 1977 1979 1980
538 0 42 45 192 208 210 712 998 1350 1583 1981 1982 1983 1985
539 52 66 74 167 325 1276 1771 1987
540 208 212 215 218 220 398
541 118 199 210 438 802 1031 1589 1988
542 377 979 1808 1989
543 41 45 46 52 55 107 391 522 554 692 1001 1203 1204 2394 3047
544 12 242 1147 1991 1993
545 42 96 124 125 208 209 212 1662 1994 1995
546 79 115 171 185 202 206 364 365 376 560 1186 1888
547 87 96 118 130 1153 1996 1997
548 7 80 176 237 727 1998 1999
549 115 184 185 206 368 1154 2000 2001
550 36 40 47 96 199 302 304 494 776
551 36 241 242 245 250 346 347 350
552 13 25 275 329 498 799 933 1794
553 73 78 80 87 185 413 544 1050 1278
554 442 459 629 1721 2006 2007 2008 2009
555 34 109 613 826 904 2012 2013 2014 2015 2016 2017 2018 2019
556 52 190 388 438 528 1328 1443 2021 2022 2023
557 66 72 74 75 87 127 192 2024 2025
558 36 46 52 60 102 651 1174 1713 2026 2027 2028 2029
559 20 34 42 57 109 163 220 472 483 1347 2030 2031
560 287 741 767 2032 2033
561 191 867 2034 2036 2037 2038 2039 2042 2043 2044
562 55 107 115 117 187 293 413 572
563 107 112 131 187 257 293 295 361 413 457 1083 1234 1235 1237 2045 2046 2047
564 22 46 105 132 230 237 353 361 572 957
565 45 55 495 2048
566 46 47 154 1098 2049
567 216 217 325 394 740 756 2051
568 58 77 81 87 135 1232 1576 1931 1932 2052 2053 2054
569 396 1497 2055 2056 2057
570 46 55 102 107 163 392 528 764
571 47 97 134 250 389 681
572 75 93 96 99 118 126 184 237 353 442 544 714 1277 2059
573 34 36 109 111 155 156 221 959 2060
574 36 42 109 114 286 362 867 1526 2061
575 45 96 329 1046 1312
576 111 165 235 297 356 511 516 708 888 1174 1343 2063 2064 2065 2066 2067
577 36 61 243 250 487 673 1346 1601
578 46 105 107 109 516 528 821 1521 1545 2068
579 36 46 53 55 105 109 188 652 918 1253 2069
580 41 55 105 190 241 347 391 528
581 46 74 75 87 254 956
582 47 52 124 188 210 212 826 917 1122 1322 1523 2072 2073 2074
583 41 75 377 2075 2076 2077
584 46 57 110 278 399 774 777 1536 1923 2078 2079 2080 2081
585 66 72 74 87 238 378 674 2083 2084
586 55 223 754 1767 2086 2087
587 78 79 87 133
588 24 80 129 192 253 261 263 358 1082 1310 2088
589 36 52 141 188 788 1140
590 47 55 96 184 267 650 694 1002 1278 1457 1589 1694 2091 2092 2093
591 66 145 146 147 774 1719 2094 2096 2098 2099
592 110 141 297 390 568 882 957 1047 1174 1542 2051 2070 2100
593 34 133 165 286 469 1051 1973 2102 2103
594 66 145 478 547 548 551 1435 1461 1952 2104 2106 2107 2108 2109 2110 2111
595 79 80 115 184 206 267 374 376
596 22 35 158 252 460 617 732 883 1088 1545 2113
597 96 209 210 211 217 250 535 756 1123 1290 2114
598 77 118 128 130 190 301 445 2116
599 74 127 254 956 957 1084 1818 2117
600 96 286 307 439 2118 2119 2120 2122
601 36 42 151 286 362 438 442 472 1276 2124 2125 2126 2127 2128 2129
602 74 87 127 2130 2131 2132
603 271 2133
604 96 118 254 438 566 577 659 761 1551 2090
605 22 24 132 361 571 1078 1079 1080 1138 1328 1950 2134 2135
606 46 75 87 116 171 237 377 528 656 1583
607 269 1654 1751 2071 2136 2137 2138 2139 2140
608 2142 2143 2144 2145 2146
609 1122 1188 1621 2147 2148
610 126 245
611 56 111 159 280 453 1088 1497 1650 2150 2151 2152 2153
612 109 275 354 356 445 574 1347 2154 2155
613 314 934 1315 1444 1493 2156 2158
614 78 79 80 87 127 130 133 1889
615 52 188 243 250 560 1185 1253 1523
616 134 254 830 859 919 923 2159 2160
617 55 74 132 295 361 382 507 525 570 572 708 1308 1393 1818
618 99 118 133 171 560 1736
619 52 102 280 302 303 358 589 713 770 1501
620 399 554 1392 2074 2162 2164
621 98 127 135 254 374 538 758 1200 1258
622 72 87 104 131 132 137 187 230 237 261 698
623 306 325 654 2165 2166
624 74 289 325 393 1641 1906 2167 2168 2169 2170 2171
625 52 63 102 188 777 2173
626 79 87 98 117 127 130 203 385 1258
627 79 80 89 96 185 237 263 1115 1244 1820 2175 2176
628 2 47 118 199 776 1503 2177
629 63 115 118 133 184 185 206 363 374
630 26 277 497 498 500 933 1057 1476 1495 1794 2178 2179 2180 2181
631 72 79 80 81 87 135 185 254 538 919 1258 2182 2183
632 42 47 52 70 141 695 871 1446
633 4 22 28 37 118 227 257 343 445
634 224 277 308 388 498 686 882 933 937 2185
635 32 41 46 47 52 55 87 91 96 102 105 184
636 75 79 118 130 134 374 547
637 74 127 135 185 202 237 1412
638 22 24 45 137 187 192 1114 1459 2186
639 257 258 275 897 2034 2096 2189 2190
640 53 54 55 102 106 230 235 607 1092 1174 1587 2191 2192 2193
641 13 332 799 2120 2194 2195 2196 2197
642 35 36 37 158 165 196 198 221 354 481 703 1330 2199
643 52 191 1303
644 21 24 38 96 196 200 418 732 1036 1374
645 41 66 96 117 126 442 459 548 1516 2201
646 257 275 499 501 788
647 55 78 80 87 128 130
648 79 80 81 87 115 127
649 61 374 376 698 1185
650 70 790 1599 1623 1624 1956 2203 2204 2205 2207 2208
651 87 96 239 305 442 557 673 1240 1277 1278 1583 1997 2209 2210 2211
652 7 47 250 325 655 756 2212 2213
653 377 832 1890 2214 2215 2216 2217
654 306 315 911 941 959 964 1094 2218 2219 2220
655 2221 2222
656 109 799 882 941 2197
657 36 96 119 347 788 871
658 45 50 190 221 332 391 413 568 2223 2224 2225 2226 2227
659 74 81 87 115 117 135 2229
660 257 277 474 498 500 799 858 934 1020 1083 1091 1235 1455 1495 1691 1999 2230
661 241 250 347 805 1161 1166 2231 2232
662 47 96 102 118 208 210 212 714 776 802 1031 2015 2233
663 74 75 79 87 96 127 134 254 373 399
664 22 24 46 57 156 231 460 860 863 1235 1969
665 36 356 1249 1453 2234
666 35 42 191 250
667 48 52 53 106 109 159 511 719 878 2235 2236
668 52 74 79 87 98 127 254
669 41 76 78 80 87 377 760
670 36 100 151 275 681 1046 1311 2187 2237 2238 2239 2240 2241
671 72 320 956 1199
672 60 309 846 995 2243 2245 2246 2247 2248 2249 2250 2251
673 46 109 293 388 474 498 527 1088 1182 1664 1738 2252 2253 2254
674 8 13 19 55 333 378 441 545 857 895 1268 2255 2256
675 47 74 89 694 1105
676 34 36 42 209 242 653 655 756
677 66 118 127 167 183 254 861 895 956 974 1073 2258 2260
678 78 267 723 1172 2261
679 35 52 102 159 165 715 875 1131 1136 1514 1556 1594 1923 2013 2263 2264
680 52 241 250 2265
681 70 87 96 432 694 824 1627 1893 2266 2267 2268 2269 2270 2271
682 55 102 105 119 141 712
683 36 250 535 740 996 2170
684 134 188 378 466 469 1229 1397 1461 2081 2272 2273 2274 2275
685 47 96 118 120 210 1589
686 55 137 382 413 572 656 1325 2064 2276 2278
687 235 261 355 956 1421 1772 2028 2279
688 96 192 245 253 254 269 558 714 1156 1408 2083
689 125 196 209 507 1236
690 199 214 280 302 353 776 989 1020 1120 1503 2015 2282 2283
691 46 78 79 87 377 919
692 46 105 155 196 286 678 708 2284
693 47 102 118 122 210 1172
694 102 208 212 280 822 2285 2287
695 80 550 2289
696 52 55 145 221 882 1798 2290 2291
697 46 52 53 55 105 141
698 41 66 115 118 130 374 376
699 50 118 137 187 261 282 413 878
700 46 57 110 132 133 137 293 1781
701 47 52 96 134 188 210 775 1523 1524 2173
702 22 257 277 356 485 498 686 886 1308 1353 2299
703 13 52 118 445 1268 2300 2301 2302
704 96 118 126 210 477 493 915
705 46 53 235 608 765 887 1102
706 111 158 159 165 187 295 456 508 1496 2303 2304
707 13 47 74 87 96 192 227 268 332 445 1042 1115 1408 2306 2308 2309
708 79 185 192 206 267 377 1154 2310
709 41 46 107 118
710 73 74 80 96 98 127 254 261 899
711 55 60 67 70 128 136 399 418 793 795 1776 2312 2313
712 1454 2314 2316
713 36 47 52 109 224 712 1730 2317 2318
714 52 102 119 133 220 588 738 1133 2323
715 5 13 273 277 331 356 654 729 861 1083 1646 2325
716 47 66 75 79 87 117 133 137 154 832 1202 2327
717 36 126 189 192 378 502 1267
718 22 24 28 36 127 131 254 275 1352 2046
719 72 73 77 79 87 98 133 135 184 185 206
720 155 195 196 314 462 1496 1728 2329 2330 2331 2332 2333 2334
721 48 111 154 159 163 196 297 453 511 664 670 878 989 1105 1712 2339
722 52 105 109 392 1253 1260 2234 2272
723 52 136 253 261 475 707 2114
724 46 96 107 199 210 301 376 708 1020 1297 2319
725 60 948 2341
726 70 96 522 529 1408 2343
727 79 87 91 96 184 185 239 377 1051 1278 2081 2344
728 105 118 190 293 498 572 799 808 1476
729 47 96 102 107 199 804 989 1178 1538 2345
730 55 66 72 74 80 87 131 132 230 957 1325
731 46 55 105 354 399 755 777 1315 2346
732 74 80 87 96 185 254 956
733 217 325 588 673 751 803 1471 1867 2349 2350 2351 2352
734 275 883 2065 2300 2353 2354 2355 2356
735 36 241 243 250 788 917 2357 2358
736 32 145 499 2130 2359 2360 2362 2363
737 27 164 275 356 474 541 546 676 684 963 1635 2364 2366 2367 2368 2369
738 79 87 127 2373
739 36 55 156 158 196 1528 2375
740 96 109 151 442 498 861 883 895 2376 2377 2379 2380
741 102 210 253 563 655 2382 2383 2384
742 80 110 127 252 267 538 854 863 2386
743 79 87 96 118 127 130 133 134 135 364 374 1403
744 254 622 630 632 1754 2388 2389 2391 2392 2393
745 47 96 212 215 218 371 869 870 2395 2396 2397
746 22 24 56 105 107 128 158 196 382 483 890 1496 1586 2398 2399
747 55 79 102 171 267 270 560 1258 2400 2401
748 74 75 78 79 133 373 538
749 72 74 79 87 127 185 372 698 919 1258 2402
750 137 391 651 764 1122 1445 1756 2401 2403
751 46 47 52 96 102 119 210 293 1126 1777 2404
752 79 87 96 127
753 1371 2405 2407 2408 2410 2411 2412 2413 2414 2415 2416 2417 2418 2419 2420 2421
754 46 52 55 109 118 433 516 1389
755 60 67 396 418 426 510 735 1100 1248 2422 2424 2425 2426
756 47 199 224 575 873 902 906 1854 2427 2428
757 36 46 53 55 109 141 190 391 878
758 40 46 163 295 467 511 664 1526 2046 2224 2430 2431 2432 2433 2434 2435 2436
759 96 242 276 347 374 378 535 2437 2438
760 652 757 945 1184 2439
761 34 36 221 347 788 1901 2219 2440
762 53 55 105 106 111 154 190 196 223 353 511 878 1494
763 80 87 134 363 364 365 1200 1523
764 21 126 378 893 1036 1115 1754 1893 2370 2371 2444 2445
765 34 42 126 221 245 2446
766 199 210 427 871 969 2448
767 36 96 118 499
768 22 66 127 1219 1277
769 35 57 155 156 158 165 196 197 198 314 460 462 472 474 486 727 735 1512 1804 2451
770 34 57 100 155 286 356 388 442 457 474 517 1091 1236 2453 2454 2455
771 96 118 125 216 800 1739
772 36 52 57 278 286 673 1346 2457 2458 2459
773 41 133 188 352 1523 1730 1854 2318 2460
774 155 157 422 508 509 510 512 513 515 727 791 795 844 1325 1419 1483 1513 2461 2462 2463 2464 2465 2466 2467
775 102 827 1015 1132 1365 2468 2470 2471
776 16 47 118 134 137 254 302 303 776 802 1324 1869 2472
777 42 152 211 325 362
778 164 306 308 314 541 676 677 684 933 934 940 945 1794 2332 2365
779 73 136 137 899 923 1122 1889
780 53 159 163 165 235 453 909 932 1528 1712 2452 2476 2477
781 46 55 105 107 190 228 652 1184 2016 2478
782 13 25 956 1268 1549 2302 2480 2481 2482
783 72 75 78 79 98 184 185 254 1959 2484
784 77 79 87 127 135 185 377 1412
785 41 75 132 151 238 255 377 674
786 70 125 208 212 303 580 874 2456
787 46 62 112 224 390 391 510 512 708 2051 2487 2489 2490
788 36 46 52 105 109 235 286 523 941 2491 2492
789 57 130 133 187 192 358 361 376 1889 2494
790 96 129 131 178 538 697 1084 1352 2454
791 34 151 229 306 315 362 752 928 961 1010 1289 1437 1528 2219 2495
792 47 75 102 134 255 378 772 832 951 1188 1550 1820 2147 2496 2497
793 87 137 206 254 353 433 540 923 1324
794 46 360 858 1235 2498
795 46 52 55 105 114 187 890
796 754 1300 1748 2499
797 118 129 253 338 476 548 1036 1082 1789 1791 2064 2500 2501 2502 2503
798 242 535 991 1029
799 102 134 188 755 775 1523
800 34 36 42 109 286 354 654 708 1051 1347 1350 2504
801 72 73 74 75 81 87 96 135
802 37 109 118 332 334 460 835 1085 1118 1144 1236 1427 1739 2027
803 79 118 130 135 171 184 267 363 364 1403 1414
804 141 277 932 2508 2509 2510 2511 2513 2514 2515 2516
805 346 1022 2518
806 73 77 79 87 130 184 185 206 263
807 52 61 102 467 863 1172 1523
808 98 435 506 1011 2003 2520
809 74 79 87 115 134 135 171 363
810 74 77 79 80 115 127 135 405 951
811 36 47 55 66 96 109 118 126 134 560 841 2523
812 34 36 42 109 285 531 747 930 1615 1902 2060 2525
813 35 37 100 118 192 261 356 478 558 1122 1515 1518 2527
814 53 105 163 221 1663 2463
815 36 754 1748
816 196 307 439 446 657 1268 1580
817 46 119 129 445 1312 1449 2268 2438 2530
818 3 34 119 362 523 526 529 788 1477 2317 2533
819 55 100 105 302 735 844
820 34 36 40 42 165 285 289 462 483 1217 1970 2404 2534 2535 2536
821 24 31 74 80 87 237
822 78 305 1499 1589 1621 2401 2448
823 758 1419 1513 2462 2537
824 209 210 657 738 969 1123 1290 1554 2538
825 52 55 118 124 126 192 253 352 474 499 1278 1327 2539
826 87 118 127 376
827 79 80 87 133 267 431 494 560 871 1364 2540
828 36 608 2429
829 4 19 329 332 334 804 973 1604 1608 2543
830 47 78 96 102 118 446 694 726 771 915
831 22 73 75 80 81 237 1202 2054 2084 2547
832 73 74 80 87 117 261 382 538 1156 2548
833 36 188 545 996
834 37 46 52 96 109 118 119 127 190 221 391 764
835 5 14 17 24 37 42 655 973 1123 1698
836 46 52 114 219 358 2550
837 75 79 115 185 399 1154
838 105 110 114 388 799 882 1327 1438 2197
839 22 41 46 57 107 132 165 187 197 460 465 956 1092 1536 1923
840 47 96 102 302 304 427 494 589
841 70 306 392 590 912 1022 1212 2285 2508 2552 2553 2555 2556
842 21 32 40 223 456 474 478 854 883 1136 1804 1851 2447 2557
843 386 397 1579 2313 2560 2561 2562 2564 2565
844 45 202 278 286 527 550 1337 1345 1346 1547 2276
845 4 356 1604 1700 2567 2568 2569 2570 2571 2572 2573 2575
846 52 210 242 443 1020 1593 1607 2015 2576
847 196 198 472 486 517 519 727 729 732 2452 2578 2579 2580 2581
848 80 126 242 261 1789 1984 2535 2582 2584
849 171 184 380 772 2147
850 218 346 362 394 395 1282 1307 1514 1722 1822
851 254 263 542 956 1069 2585
852 105 107 190 252 293 764 1174 1183 2586 2587
853 36 46 141 657 670 766 878 1168
854 0 4 6 13 124 321 329 334 337 342 358 1270 1272 2230 2588
855 155 198 314 508 509 517 519 574 582 727 728 729 732 2579 2590 2591 2592 2593
856 77 96 126 254 376 841 2162 2163 2595
857 47 77 212 215 303 714 836 970 989 1445
858 221 388 389 696 1541 2103 2254 2347
859 47 54 353 708 1020 1385 1911 2064 2598 2599 2600
860 127 131 919 2562 2602 2603
861 36 46 54 102 105 128 353 523 906 1034 2469
862 78 102 267 302 303 1261 1523
863 34 163 297 946 1003 1039 1128 1389 1438 1543 1615 2451 2606 2607 2608 2609
864 302 303 589 713 776 1119 2002 2233
865 36 241 273 480 805 2222
866 100 329 330 331 337 438 448 2505 2611 2612
867 46 127 133 235 391 542
868 46 55 78 295 863
869 13 227 275 331 332 445 887 956 1138 2613
870 93 190 897 1280 2614 2615
871 70 1306 1623 1625 1957 2051 2619 2620 2621 2622
872 58 77 713 1439 2075 2285 2476 2623
873 22 223 254 354 498 500 1406 2254 2624
874 77 80 96 100 136 178 253 404 422 1156 2328 2625
875 48 106 235 297 838 2478 2626
876 36 160 362 2430 2629 2630 2631 2632 2633
877 499 507 1549 2414 2634 2635 2636
878 36 46 47 66 102 105 118 267 548 1589
879 87 127 538
880 55 74 77 87 105 117 135 538 923 1018
881 124 210 219 1016 1023 1130 2637
882 24 105 107 111 163 187 516 1545 1922 2638 2640
883 39 46 134 187 254 406 673 863 1143
884 52 96 102 118 560 1523 2074
885 30 36 165 197 355 438 486 1105 1397 1514 1536 1804 2642 2643
886 74 96 859
887 493
888 52 55 96 155 223 608 1662 1777
889 34 35 42 158 165 211 242 285 289 329 459 531 704 928 1673
890 96 133 654 681 1388 2543
891 195 200 1370 1375 1728 2649 2650 2651
892 53 54 78 154 511 1175 1556 1594 2652 2654 2655
893 199 253 442 727 790 1010 1044 1080 1246 1312 2656
894 77 80 96 98 118 126 136 372 374 376 404 2657
895 66 74 79 80 127 134 254
896 47 78 96 102 589 714 756 1589 2321
897 73 77 79 133 135 288 377 382 919 1325 2658
898 105 159 223 295 456 1006 1325 1545 2432 2659
899 109 155 221 275 293 865 1048 1545 2066 2660
900 34 36 41 107 354
901 102 136 708 1148 1150 2663 2664
902 22 87 450 558 1047 1220 1878 1923 2665 2666 2668 2669 2670
903 80 135 185 206 363 374 434
904 1142 1942 2671 2672 2673 2675 2676 2677 2678 2679 2680 2681 2682 2683 2685 2686 2687 2688
905 48 109 128 280 286 508 795 1467 2689 2690
906 93 101 235 566 1278 1421 2691 2692
907 34 42 118 133 184 286 928 2693
908 126 184 267 377 575 1792 2696
909 38 58 72 77 80 81 87 132 192 237 238 264 1202 2697
910 22 137 237 257 2699 2700 2701
911 141 511 1174 1385 1650 2304 2702 2703 2704 2705
912 46 136 157 295 418 419 510 512 522 570 735 1617 2018 2425 2706
913 37 56 61 356 466 1526 2272 2707
914 377 672 674 987 2708 2710 2712
915 157 708 928 1005 1010 1012 1289 1471 2013 2017 2018
916 47 96 102 105 118 332
917 26 43 257 499 694 805
918 47 78 96 302 304 406 494 802 1395
919 47 102 773 1319 1396 1589
920 128 376
921 154 353 733 878 998 1122 1406 1556 2713 2714
922 48 52 53 102 154 158 159 165 716 878 906 920 2715
923 66 72 74 75 79 80 87 135 238 377 407 919
924 7 36 42 216 2716
925 105 613 863 906 918 1130 1180
926 47 79 267 802
927 36 52 55 109 112 141
928 41 47 301 1052 1056 2472
929 74 87 88 118 127 131 206 237 385 442 698 863 918
930 78 96 118 135 446 493 1117 2717
931 36 46 60 362 608 1477 1662 1812 2718
932 9 209 378 477 655 657 804 1315
933 58 77 104 115 320 1202 1228
934 47 96 118 126 435 841 1341 1395 1505 2320
935 20 36 60 221 257 356 499 2194
936 208 218 220 1027 1445 2120 2287 2720 2721
937 146 774 782 788 820 1942 1947 2723 2724 2725
938 74 87 117 376 540 1889 2635
939 72 99 101 115 376 538 1623
940 22 388 617 883 1047 1109 1444 1543 2067 2727 2728
941 354 1541 1668 2252 2290 2347 2729
942 774 785 788 1719 2733
943 25 28 260 498 499 500 1794 1896 2180 2734 2735
944 80 128 136 386 494 1579 1630
945 102 118 133 210 242 652 776 1184 1438
946 52 96 250 2736 2737
947 55 78 79 80 87 376 527 2147
948 56 111 306 453 615 676 677 2740 2741 2742 2743
949 77 79 87 130 184 185 206 374 538 561
950 54 159 826 1015 1514 2746 2747
951 46 109 190 223 277 1691 2455
952 111 159 163 196 511 516 519 615 704 1528 1545 1712 2750
953 46 47 52 55 105 243 248 755 2752
954 55 100 109 118 293 882 946 1174 1850 2753
955 78 79 98 130 133 185 361 572 1258 1889 1917 2435
956 57 61 137 295 438 451 460 462 516 607 926 1136 1526 1545 1825 1923 2476 2505 2639 2755
957 134 480 917 1122 1240 1392 1524 2072 2074 2756
958 171 184 185 363 364 859 1186
959 47 66 74 126 372 832
960 73 78 80 81 185 377 560 1200 2757
961 35 36 42 52 97 165 318 411 508 703 878 908 1100 1502 1513 1559 1901 2618 2758
962 146 147 774 782 785 820 1777 1832 1944 2340 2759 2760 2761 2762 2763 2765 2766
963 52 695 854 939 1662 1664 2492 2767 2768
964 275 295 863 890 1799 2047 2769
965 36 191 2770 2771
966 75 80 87 96 126 127 413 477 635 2772 2773 2774
967 36 105 277 932 941 1254 1523
968 52 102 210 219 427 738 941 945 1261 2512 2775 2776
969 52 74 87 115 127 134 261 368 830 861 917 1523 1871 2001
970 46 47 55 102 118 210 920 2777
971 55 74 75 79 80 87 98 102 127 254 2281
972 72 79 87 134 1061
973 54 60 191 2531 2674 2780 2781
974 36 110 190 221 469 799 830
975 45 46 55 117 187 293 295 361 863 2304 2782
976 67 133 157 422 774 814 2674 2677 2688 2783 2784 2787 2788 2789
977 36 243 2790
978 47 235 332 858 902 944 1091 1174 1589 2427
979 96 135 171 184 185 267 363 1231
980 47 55 105 389 391 572 765 1742 1880 2791
981 46 67 110 950 1278 2149
982 41 45 47 95 235 236 385 671 920 1122 1218
983 24 36 46 107 275 356
984 154 158 159 165 613 616 703 705 1804 2743 2793 2794 2796
985 141 282 353 1198 1786 2214 2798
986 55 105 107 112 1220
987 54 102 190 235 302 305
988 4 5 6 13 14 273 307 329 330 332 445 498 1109 1267 1422
989 597 1372 2563 2799 2801 2803 2804 2807 2808 2810 2811 2813 2814
990 106 118 126 235 255 1899
991 75 117 353 832 1325
992 7 36 43 126 217 250 285 554 740 996 1091 2818 2819
993 37 55 293 572 1807 2451 2535 2820
994 22 39 90 91 104 126 192 254 377 378 863 1754 2175 2822
995 21 30 155 198 310 353 483 832 928 1338 1798 2158
996 22 40 445 542 788 2336 2824
997 306 531 541 654 678 928 1094 1664 2118 2825 2826
998 34 155 156 196 307 460 519 732 1530 1617 2581 2588 2827 2828 2829
999 22 24 116 127 131 132 133 230 237 295 361 469 538 861 1080 1234 1235
1000 24 89 329 330 335 441 445 1272 1828 1893 2302 2371
1001 66
1002 66 130 232 377
1003 47 52 209 301 446 833 1098
1004 417 453 517 519 732 763 795 966 2464 2832 2833 2835 2836
1005 66 74 75 79 87 90 171 254 2838
1006 42 119 209 776 803 1224 1446 1518
1007 212 302 303 589 714 802
1008 34 35 53 197 575 704 1063 1136 1594 1615 2821 2840
1009 58 77 81 87 386 397 1202 1228 1612 2562
1010 46 52 87 96 105 109 361 572 832 1832
1011 58 77 490 1228 1579 1612 2313 2560 2561 2562 2564 2689 2810 2814 2843 2845 2846
1012 52 96 119 199 242 800 1319
1013 52 376 714 1277 2847 2848 2849
1014 72 74 81 87 105 117 127 230 237 254 361 1202
1015 184 2850
1016 78 79 128 130 185 773 1570 2058
1017 53 102 453 610 703 1416 1484 1801 2014 2851 2852 2853 2854 2856 2857
1018 74 75 79 87 126 131 185 254 861
1019 10 13 15 17 226 227 277 307 498 887 963 971 1267 1271 2567 2858
1020 47 52 102 210 219 242 2859
1021 235 376 538 772 1143 1856
1022 55 104 118 192 286 356 378 1047 1443
1023 171 184 185 202 204 206 1153 2862
1024 87 133 1018
1025 36 46 105 107 1322
1026 40 74 124 282 916 951 1310 2526 2863 2864 2865
1027 52 66 72 74 79 127 134 171 374 1153 2867
1028 78 132 185 237 270 923 1258 1324
1029 40 66 87 127 129 132 192 202 253 261 385 899 1037 1040 1310 2175 2868
1030 34 42 289 928 1182 1664 2253 2795 2869
1031 171 254 264 2868 2870
1032 187 295 510 617 1586 2702
1033 115 133 380 544 762 977 1277
1034 774 782 785 788 2771 2872 2873 2874 2875 2876
1035 79 115 184 185 206 377 1590
1036 54 91 109 126 134 286 377 832 976 1186 1742 2877
1037 7 42 96 211 250 532 806 1266 2880 2881
1038 30 36 191 334 442 447 477 558 879 883 889 956 2235 2883
1039 109 221 277 527 1046 2254 2884
1040 184 232 377 979 2886
1041 121 124 493 722 1122 1172 1877 1974 2162
1042 221 388 1100 1136 2067 2347 2694 2887
1043 37 55 2252 2888 2889 2890
1044 30 38 151 195 200 442 1105 1352 1723 2819 2891 2892 2893 2894 2895
1045 53 422 508 516 795 883 904 1005 2465 2855 2897
1046 100 118 158 165 191 261 445 903 926 1122 1502
1047 89 118 125 210 441 874 2073 2861 2899
1048 47 96 133 352 505 782 1118 1593
1049 36 42 210 217 286 534 1122
1050 47 52 302 305 776 863 1524 2448
1051 37 95 364 564 2472
1052 13 36 227 445 499 788 2133
1053 24 30 105 272 676 684 957 1081 1324 2613 2665 2669 2900
1054 52 109 445 1662 2903 2904
1055 52 199 576 1912 2907
1056 105 195 196 200 1036 1528 1728 2909
1057 46 55 105 110 235 391 399 528 764 1396 2910
1058 202 371
1059 80 126 243 245 261 548 806 1162 1760 2911
1060 111 155 161 196 275 485 516 685 882 883 1528
1061 1300 1748
1062 47 96 98 102 209 216 242 1445
1063 124 493 722 1122 1239 1240 1997 2072 2074 2162 2210
1064 46 87 105 267 391 1186 1697 2912 2913 2914 2915 2916
1065 55 73 80 133 387 560 1889
1066 55 80 128 130 361 570 899 1960 2917
1067 164 297 320 498 516 684 936 1545 1712 2660 2826 2856 2918 2919 2920
1068 35 57 155 156 165 196 286 299 358 508 582 1502 1514 1536 2089
1069 102 118 302 325 776 802 1261
1070 22 74 127 230 829 895 922 2921
1071 20 24 55 104 137 230 233 572 574 957 2922 2923 2924 2925
1072 72 74 75 87 130 132 137 237
1073 36 141 163 608 613 614 617 664 865 1088 1586 2926
1074 24 41 46 104 107 137 187 361 863 1324 1589 2927
1075 74 79 80 87 117 127 132 134 135 185 206 374
1076 56 107 111 708 1078 1083 2135 2928
1077 36 52 276 352 357 1310 2604 2929
1078 36 52 105 109 114 483 527 895 1662
1079 119 427 524 992 994 1115 1256 1730
1080 24 55 104 223 235 442 673 681 1236 1277 1278 2610 2819 2930
1081 422 2638 2932 2933 2934
1082 52 102 114 119 134 188 527 756 1401 1466 2199
1083 79 115 184 185 206 399 406 437 919 1143 1145 1188 2485 2935 2936
1084 46 47 78 79 98 572 923
1085 36 191 391 670 718 1989 2096
1086 52 55 97 189 221 294 2937
1087 22 155 161 293
1088 53 156 196 418 419 422 510 519 795 843 846 1528 2593
1089 36 141 250 306 608 1453 2938 2939
1090 52 102 2504 2940 2941 2942
1091 28 40 275 501 1057 2943
1092 26 257 883 1057 1571
1093 257 277 883 932 1677 2649 2946 2947
1094 22 36 48 52 53 109 670 1144 2463 2949
1095 13 191 329 332 2506 2950
1096 804 871 1523 2951
1097 106 233 252 389 832 1141 1218 1469 2131 2327 2598 2952 2953
1098 47 55 78 102 118 282 575 1144 1589 1594 2116
1099 91 235 378 878 1218 1257 1395 1440 1587 1851 2020 2954 2955 2956
1100 22 41 46 53 192 252 385 2064
1101 22 24 55 107 109 110 230 261 361 399 957 1174 1325
1102 102 1135 2654 2855 2959 2960 2961
1103 72 80 87 88 115 116 237 276 539 2698
1104 30 55 147 788 1325 1854 2577 2962
1105 146 147 774 785 1140 1719 1944 2764 2781 2963 2964
1106 126 221 445 2965
1107 66 74 96 134 183 548 2966 2967
1108 34 52 100 155 195 228 315 362 511 735 961 1514 1528
1109 129 253 254 261 366 899 1558 2504
1110 51 459 959 1672 2968 2969 2970 2971 2972
1111 36 478 788 2274 2973
1112 13 223 293 445 498 799 883 947 1220 1292 1492 2974 2975
1113 24 74 98 132 230 237 361 1336 2155 2976 2977 2978 2979
1114 38 118 254 915 956 2260 2980
1115 96 155 1353 1777 2648 2823
1116 96 114 136 211 242 358 361 653 679 682 1328 2551
1117 46 74 294 295 389 2937 2982 2983
1118 36 55 109 110 143 1345 2058 2245 2984
1119 34 36 37 42 52 55 105 109 252 2986
1120 35 36 46 107 141 165 388 438 769 882 1514 1802 2597 2741 2987 2988 2989
1121 36 45 438 446 654 771 1042 2120 2648 2991
1122 102 105 109 114 286 477 1133 1342 1832 2199
1123 46 221 1235 1343 2517 2597 2719 2890 2992
1124 55 118 282 305 833 906 1144 1556 2996
1125 24 41 132 558 673 1073 2414 2997 2998 2999 3001
1126 87 98 184 185 438 919 1277 3002
1127 68 399 832 900 1026 1469 3004
1128 60 227 277 590 867 897 959 2771 3005 3006 3007 3008
1129 79 135 171 267 560 1186 1230 1424
1130 34 35 42 196 211 622 623 624 630 735 928 1217 1721 2492 2505 3009
1131 45 104 109 110 111 127 252 863
1132 613 904 989 1130 1440 3012 3014 3016 3017
1133 164 221 224 277 496 686 932 941 1115 3018
1134 47 118 504 756 1395 1538
1135 22 45 55 56 57 187 469 2507
1136 899 1372 2804 2806 2810 2814 3019 3020
1137 79 96 167 203 721 1040 1231 1821 2071
1138 36 52
1139 24 35 46 110 462 572 732 1114 1545 1969 3022
1140 42 47 102 243 250 1523 3023
1141 102 128 133 280 282 353 776 989 998 1589 3024
1142 608 1105 1851 2671 2686 3025 3026 3027 3028
1143 78 102 118 133 184 185 267
1144 55 100 197 254 334 355 446 545 857 858 1583 1700 1809 3029
1145 36 788 3030
1146 22 46 55 97 104 110 141 850 1174 2703 3031
1147 102 511 705 2748 3032 3034 3035 3036
1148 41 46 52 53 105 114 133 235 236 267 878 951
1149 79 80 81 130 261 269 522 561 1889 2083
1150 41 46 165 197 456 462 1031 1218 1496 2102 3037
1151 16 22 53 190 221 237 407 2347
1152 286 439 756 2199
1153 136 353 445 498 2030
1154 75 78 79 87 91 184 185 377 406
1155 155 156 196 200 275 519 690 727 2579
1156 46 293 882 883 888 1416 2587
1157 1 3 7 18 242 746 771 871 1148 1446 1554 1907 2172 2235 3042
1158 41 46 54 60 507 608 2744 3043 3044 3045
1159 53 56 57 111 158 159 196 511 512 516 517 610 1586 1712
1160 91 106 832 1181 1494 1590
1161 32 40 66 187 243 252 1231 1461 3047
1162 79 115 184 406 901 1153 1154 2935 3048
1163 47 126 494 754 902 1144 1315
1164 47 76 78 127 185 583 1153 2159
1165 36 46 102 105 187 391 518 608 2434
1166 7 34 36 211 216 250 362 655 803 1214 1290
1167 74 77 98 185 237 377 919 1651 2297
1168 36 126 132 134 171 1696 3049
1169 87 127 137 237 254 399 539 3050
1170 66 79 87 132 254 539 540
1171 45 105 165 190 389 399 467 1396
1172 46 51 55 109 154 165 388 1174 3051
1173 81 98 135 171 185 363 364 365 374 3052
1174 73 75 87 135 145 185 374
1175 66 72 75 79 87 91 127 540
1176 52 109 228 286 766 1091 1416 3055 3056 3057
1177 74 127 184 363 568 608 613 1875 1952
1178 77 81 117 661 1612 2546 2566 2843 3003
1179 47 120 210 282 302 771 1503 1872 3058 3059 3060 3061
1180 24 35 48 111 159 165 196 615 719 752 1389 2587 2888 3062
1181 491 1776 2130 2341 2419 3063 3064 3065 3066 3067 3068 3069 3070
1182 141 184
1183 47 55 78 131 134 171 267 382 1065
1184 46 47 55 91 392 1056 1178 1589
1185 46 55 133 187 388 392 528 652 755 1103 1140
1186 40 42 196 307 358 844 928 961 3073 3074
1187 47 102 118 197 577 906 920 1276 1507 2328
1188 36 242 393 395 741 928 1165 1214 1216 1288 1641 1993 3075 3076 3077
1189 35 224 228 306 771 1738 2199 2314 2315 2987 3078 3079 3080 3081 3083
1190 28 257 260 498 499 1294 1353
1191 51 391 764 878 1798 2992 3085
1192 52 411 484 513 1322 1776 2406 2408 2418 2786 3065 3086 3089 3091
1193 34 106 109 318 929 1315 1325 2275 2434 2631 3092 3093 3094 3095
1194 73 79 80 117 185 366 899
1195 46 53 107 159 190 235 295 1103 1396 2023 2290
1196 135
1197 155 156 160 198 297 314 509 961 1531 1798 2194 3096 3097 3098
1198 35 36 52 197 445 526 994 1001 1091 1730
1199 46 190 252 361 528 863
1200 46 52 55 105 133 304 354 776 2281 3099
1201 219 716 941 1132 2491 3100 3101 3102
1202 209 362 462 608 632 677 803 1290 1721 2009
1203 109 245 445 3104
1204 287 362 941 3105 3106
1205 76 96 118 130 301 376 441 2269 3107
1206 147 1883 2781 3110 3112 3113 3114
1207 98 184 377 951
1208 57 96 119 210 1756 2078
1209 36 52 241 243 347 356
1210 79 134 376 538 700 1258 1889
1211 16 53 55 190 401 1027 1075 2120 3117
1212 96 102 210 216 217 303 494 589 776 806 1283
1213 46 53 54 55 105 107 141 572 670 708 882 1095 1103 2064 2703
1214 45 48 54 154 159 670 878 1088 1091 1543 1580
1215 73 75 79 87 98 135 372 1060 1258
1216 147 150 151 813 1042 1592 2096 2414 3110 3119 3120 3121 3122 3123
1217 34 100 102 289 395 655 1425 3124 3125
1218 46 48 52 53 105 111 158 159 163 165 196 282 695 715 878 1416 1545 1556 2628 2653
1219 936 941 1354 2554 3126 3127 3128 3129 3130 3131 3132
1220 47 78 102 118 126 137 187 253 302 1180 1589
1221 141 300 774 782 1995
1222 74 75 80 135 185 377 1409
1223 78 80 96 118 357 361 1091
1224 235 541 617 676 1630 1982 2638 3134 3135 3136 3137 3138 3139 3140
1225 36 47 87 118 286 438 673 3141
1226 78 79 96 118 538 1244 3048 3142
1227 199 318 1010 3143 3144
1228 46 105 107 190 446 475
1229 190 244 841 1440 1461 2074 2162 2595 3145 3146 3147
1230 55 102 119 126 127 286 1820
1231 34 35 36 208 703 705 1446 1984 2476
1232 46 52 118 133 431 1130 1144 1324 1391 1593
1233 102 210 280 427 776 1015 1594 1673 1869 2559 3148
1234 36 56 157 519 616 681 735 882 895 945 1569 1586
1235 79 96 115 132 184 185 254 901 951 1188 3149 3150
1236 41 52 102 105 118 575 754 822
1237 91 104 154 165 187 196 233 433 860 895 1406 1496 2695 3151
1238 64 70 136 418 419 422 508 510 512 601 795 912 1559 2464 2616 3152 3153
1239 22 36 46 55 57 104 187 252 1406 2065 3155
1240 24 39 52 127 385 477 674 863 1145 1178 2815 2953 3156
1241 76 133 137 184 185 206 916 923 1419 2817 3157
1242 39 567 622 1112 1494 3158 3159
1243 35 118 130 137 254 293 353 708 712 1406
1244 46 47 78 130 135 184 374 538 560 561 863 1080 1324
1245 46 105 107 111 159 1347 3160
1246 46 47 105 110 112 382 863 1255
1247 14 16 17 307 320 331 835 1270 1271 1698 1739 1827 2613
1248 46 55 74 87 187 378 3047
1249 111 163 422 508 615 1325
1250 36 346 394 1810 2199
1251 1163 3162
1252 96 133 1122 3163 3164
1253 78 87 130 134 135 184 185 206 538 698 1258
1254 80 87 96 117 127 276 366 807 1311
1255 36 52 109 224 685 2197 3166 3167
1256 102 190 199 267 305 391 2161
1257 51 54 141 165 224 615 719 878
1258 46 48 51 53 154 163 297 719 878 1325
1259 57 187 223 229 715 1003 1004 3170 3171 3172 3173
1260 37 41 55 141 221 293 354 387 1870 2290
1261 735 904 1136 1624 1730 2477 3174 3175 3176 3177
1262 57 96 184 185 206 239 377 413 1278 1781 2910 3179
1263 36 41 196 459 478 556 949 1032 1220 1435 1973 2541 2786 3180 3181 3182 3183 3184 3185
1264 47 80 81 96 127 130 185 374 376 1200 1871
1265 52 55 96 109 118 210 770 776 989 1020 1092 1756
1266 37 46 55 56 105 141 187 391 523 1396 2103
1267 79 96 102 118 199 303 376 426 3188 3189
1268 43 96 119 126 133 694 715 1018 1407 2163 3190
1269 46 111 223 356 1260 1797
1270 44 109 159 1168 1664 2604 3192 3193 3194 3195
1271 52 54 109 118 199 301 575 708 712 920 1092 1516
1272 74 79 98 185 267 368 721
1273 36 212 302 467 776 821
1274 117 131 137 413 923 1141 1393 2058 2719 3196 3197
1275 988 1863 2038 2481 3118 3123 3198 3199 3200 3201 3202
1276 13 164 257 275 320 332 498 499 1036 1795 3203
1277 46 52 243 325 393 1115
1278 75 79 87 135 184 238
1279 55 102 219 282 900 1389 1395 1868
1280 61 66 203 540 558 893 2337 2915 3205
1281 21 1310 1949
1282 46 356 726 1073 1549 1856 2921 3206
1283 254 261 364 2913 3207 3208
1284 66 74 127 1228 1229
1285 80 96 134 185 364 374 1186 1200 2548 3209
1286 45 55 56 105 110 113 187 188 1401
1287 34 109 286 608 1342 1662 1752 2433
1288 66 699 917 1659 1821 2441 2602 3210 3211
1289 46 105 107 110 571 608 765 1139 2489
1290 118 199 208 209 210 212 525 776 822 1098 1502
1291 36 188 243 608 2058
1292 102 305 560 776 920
1293 47 79 93 399 759 862 1199
1294 78 130 133 184 185 239 1324 3213
1295 79 130 538 1186
1296 48 608 998 1693
1297 46 302 560 1391 1589 1868 2116
1298 75 76 473 832 951 1469 3215 3216
1299 47 78 79 134 184 206 301 714 3217
1300 72 73 78 80 87 98 132 135 185 1258
1301 26 30 32 52 192 256 257 275 499
1302 72 74 75 87 96 100 120 136 269 377 1651
1303 24 114 353 385 497 1855 2997 3218 3219
1304 74 76 77 78 130 185
1305 41 58 115 118 263 267 560 1424
1306 24 54 378 624 878 895 1664 1717 2144 2826 3008 3158
1307 96 98 102
1308 46 47 109 276 858
1309 40 50 295 507 1235 1237 2066 2298 3220 3221 3222 3223
1310 24 97 118 164 286 443 771 1039
1311 41 74 80 96 210 263 1697 2175
1312 72 75 79 87 98 115 127 184 237 377 1202
1313 96 99 120 493 976 1122 2074 2717 2877 3224 3225 3226
1314 36 46 47 52 96 105 118 133
1315 48 56 57 104 108 159 295 516
1316 63 87 132 133 134 171 185
1317 16 47 52 96 199 286 771 2027 2841 3227
1318 78 80 104 128 136 376 382 413 570 773 1011 2540
1319 21 24 56 196 460 574 732 843 998 1496 2281 2590 3230
1320 74 80 81 371 554 899 1034 1325 1408
1321 79 96 118 130 184 267 376 538 1448 1651
1322 574 2281 2590 2592 3232 3233 3234 3236 3237 3238
1323 78 79 81 98 104 118 131 185 538
1324 52 136 208 212 213 295 2323 3239
1325 47 78 96 110 254 353 413 494 1020 1781 1889
1326 46 47 96 102 105 391 427 1126 1854 3241
1327 47 118 133 171 247 267
1328 96 208 219 824 827 1438 1777 3242 3243 3244
1329 296 399 429 572 895 1231 1397 3245
1330 34 46 52 96 105 107 190 221 277 391
1331 36 42 249 298 325 3247 3248 3249
1332 47 66 72 74 87 118 120 126 238 1040 1122 1788 3251
1333 208 209 210 212 216 242 347 535 1029 2878 3253 3254 3255
1334 46 55 107 127 361 465 1324
1335 91 118 127 261 269 923 2083 2548 3256
1336 35 42 398 401 402 1307 1722 2317 2736 3257 3258 3260
1337 46 47 87 190 392 552 2504
1338 35 165 769 888 1803 2057 2067 3040
1339 52 112 187 190 275 293 295 354 445 732 876
1340 362 1734 1973 3265 3266 3267 3268 3269 3270 3271
1341 224 277 883 1057 1833 2661 3272 3273
1342 3274 3277 3278 3279 3280
1343 4 8 38 329 337 608 1754 2882 3079 3281 3282
1344 208 218 658 1075 1076 2995 3284
1345 21 104 187 223 295 1042 1312 1618 2298 3079 3285 3286 3287
1346 119 124 286 367 1311 3290
1347 24 107 155 156 356 357 361 457 863 2090 2113 3291 3292 3293
1348 24 96 119 126 445 474 499 3235
1349 53 57 111 223 293 3294
1350 60 70 157 789 1229 3208 3295 3296 3297
1351 36 46 105 109 114 133
1352 52 80 96 133 134 560 771 1186
1353 87 98 133 134 135 171 206 377 2603
1354 110 221 352 475 738 891 1039 1255
1355 30 36 38 221 227 257 487 498 499 887 1311
1356 66 135 237 1186 1413 1463 2912 3052 3302 3303
1357 41 52 55 87 118 542 830 1524 1821
1358 55 58 74 81 90 117 133 137 377 399
1359 53 224 511 608 3304 3305
1360 46 96 254 267 302 354 802 915
1361 22 46 47 131 279 354 764 1135 3306
1362 538 1258 2520
1363 46 52 109 210 295 457 1080 2066 3308
1364 16 36 44 52 53 102 105 155 230 282 716 863 1015 1126 1131 1262 2469 3309
1365 74 79 89 98 184 185 437 1244 2128 2400 3048
1366 46 54 55 107 304 528 572 722 764 1305 1396 1621 2910 3171
1367 46 77 81 87 117 130 134 135 171 185 206 374 698 2603
1368 36 52 102 109 738 941 1256 2519
1369 393 928 937 1388 2508 3102 3311 3312
1370 74 81 132 134 254 378 399
1371 58 81 133 145 232 377 1228 1325 2564 3313
1372 22 34 36 43 45 60 96 118 199 654 989 2819
1373 47 78 102 131 267 777 1257 2401
1374 7 241 393 771 991 2499
1375 41 102 133 772 773 1231 1259 1589
1376 36 55 102 118 221 223 286 293 511 640
1377 46 105 190 382 391 528 765 863 1153 3315
1378 78 131 132 202 237 800 1020 2749
1379 16 111 131 161 257 265 457 498 799 858 1235 1542 1896 2046 2302 2613
1380 36 53 257 259 542 3317
1381 245 1311 2752
1382 40 61 96 254 303 830 841 915 1315
1383 44 105 188 190 219 221 1104 1526 1777
1384 46 105 109 124 136 190 219 254 528 2995
1385 46 96 107 199 293 354 388 1091 1103 1502
1386 36 37 46 105 145 391 392 530 572 766 863 1042 1103 3318
1387 4 36 109 307 329 332 334 337 498 975 1267 1499 1607 1739 2118
1388 171
1389 96 104 133 334 438 442 681 857 1244 1315 1318 1395 2557 3319
1390 36 46 850 1140 1526 2884
1391 72 74 75 80 87 254 830 1188 1258
1392 34 42 109 285 289 366 879 928 1217 2118
1393 156 196 198 314 460 486 517 727 2030 2281 2578 3320
1394 37 55 96 105 118 124 254 432
1395 41 46 52 96 102 105 133 188 304 354
1396 63 134 159 376 560 868 1020
1397 96 863
1398 202 368 371 662 1348 2504 3041 3322
1399 79 87 130 135 171 184 185 363 538
1400 46 55 105 112 163 293 388 391 1095
1401 46 105 107 111 136 187 572 708 863
1402 87 98 116 132 177 185 721 1408 1477 3323
1403 47 79 118 134 171 365 1156 1186 1462 3324
1404 36 75 110 184 187 353 413 468 895 1315 2070 3325
1405 72 74 87 171 237
1406 46 52 105 190 391 392 429 1363 2777 3326
1407 52 96 119 392 524 525 529 738 992 1020 1095 1477 2342
1408 141 617 695 2299 2436 3327
1409 133 277 473 3027 3329 3330 3331 3332
1410 87 98 127 177 1857 1889 2261
1411 72 98 132 135 237
1412 46 55 67 105 136 391 703 863 1678 1764
1413 72 74 75 79 87 96 116 131 184 185 203 237 3333
1414 52 53 55 219 223 235 353 858 863 1240 1396 1416 2020 2643
1415 47 282 388 1130 1180 1389 1502 2652 3012 3334 3335
1416 55 57 118 293 472 1341 3053 3336
1417 47 96 102 118 190 210 301 304 833 1015 1126 1144 3337 3338
1418 196 261 1310
1419 52 210 346 393 991 992
1420 20 34 36 37 40 54 133 253 286 293 355 356 452 854 956 998 1220 1551 1891
1421 377 672 788 979 1439 1575
1422 126 212 216 218 300 395 398 1075 1216 2736 3340 3341
1423 24 72 77 87 88 117 127 131 237 413 858 861 957 3151
1424 80 87 372
1425 52 55 119 652 1040
1426 77 128 397 1232 1258 1570 2054 2562
1427 91 96 102 105 114 523 1253
1428 55 164 191 499 500 879 2180 2325
1429 52 141 523 568
1430 36 105 127 681 1315 2069
1431 102 212 219 1523 3246 3343
1432 79 80 87 117 131 132 137 919 957 1789 3344
1433 0 273 277 933 934 935 937 1999 2882 3346
1434 0 6 43 118 209 253 334 337 446 655 1082 1118 1272 2256 3348
1435 74 77 107 118 130 378 1200 1344 2064
1436 55 79 87 137 171 184 185
1437 78 98 118 130 184 185 206 363 376
1438 46 55 105 107 114 133 190 230 391 863 1080 3349 3350
1439 118 124 210 358 494 3354
1440 80 96 107 286 495 808 863 2484 3355 3356 3357 3358 3359
1441 47 102 109 118 738 906 989
1442 66 72 126 254 539 3360
1443 141 882 1057 2577 3361 3362 3363 3364
1444 308 320 500 502 524 852 1046 1493 1495 1636 2085 2474 3203 3365 3367 3368 3369
1445 3 7 42 96 154 209 215 446 902 944
1446 102 128 137 165 197 459 866 1031 1100 1570 3354 3370 3371 3372
1447 22 24 38 321 353 465 1267 2157 2823 2950 3374
1448 128 422 727 799 883 889 1088 1493 1776 2063 2330 2406 3375 3376
1449 42 90 286 314 507 929 1397 1554 1662 3092
1450 24 56 159 223 413 1326 1546 1555 2506 2645 3175 3377
1451 254 478 549 880 893 1429 2098 3183 3378 3379 3380 3382 3383 3384 3386 3388 3389
1452 21 57 60 359 447 774 788 1236 2760 3390
1453 36 346 1140 2318
1454 77 87 135 137 185 698 923 1258 1324
1455 96 151 442 1041 3391
1456 24 104 223 388 877
1457 66 79 80 130 135 376 560 2602 3394
1458 74 80 87 132 135 469 899 2234 2758
1459 3395 3396
1460 36 52 55 105 109 118 297 388 703 1389 2254
1461 22 41 54 80 131 134 267 356 560 863
1462 22 104 106 111 252 388 876 2290
1463 165 315 362 928 1010 1514 3269 3398 3399
1464 36 43 97 189 608
1465 241 242 526 726 756 991 3400
1466 21 145 161 163 296 484 491 499 2414 2418 2719 3088 3401
1467 129 261 574 767 2649 3223 3233 3403 3404 3405 3406
1468 32 72 207 237 254 267 2065 2700
1469 36 145 740 1117 2040 2414 3351
1470 55 74 104 137 145 233 378 399 433 842 957 1141 1918 2923
1471 79 87 96 115 118 120 184 239 377 1278 3020
1472 66 117 1325
1473 43 74 96 126 302
1474 105 476 1023 1416 1777 2512
1475 52 87 96 115 119 976
1476 223 275 277 681 1278 1347 1973
1477 419 511 670 719 1343 3410 3412 3413 3415 3416
1478 34 36 40 42 43 45 289 1225 1673 2060 3418
1479 137 187 190 572 696 772 1048 2273
1480 36 154 196 198 727 3083 3420 3422
1481 55 171 184 302 859 863 1153 3424
1482 79 104 167 202 204 413 1825 3196 3425
1483 36 52 164 229 306 928 932 1022 1222 2554 3426
1484 46 55 133 134 184 267 2147
1485 70 418 590 1960 2565 3427 3428 3429
1486 66 72 79 87 238 539 540
1487 46 118 216 243 480 772 1122 1392 1775 2995 3430
1488 77 96 124 373 3431
1489 72 73 75 78 79 127 135
1490 254 3432
1491 35 154 250 3037 3433 3434
1492 96 527 1238 3436
1493 325 395 1148 2516 3438 3439
1494 55 187 223 224 297 765 883 1046 1493 2066 3186 3440
1495 46 47 63 105 107 114 131 133 863 2602 3441 3442
1496 20 46 52 197 223 526 1204 1662
1497 124 385 494 1283 2323
1498 79 80 118 134 364 538 830
1499 0 8 96 118 199 332 337 835 915 1315 1739 3356 3443
1500 36 133 624 637 928 1181 1754 2772 3349 3444
1501 118 235 301 305 772 1122 1868
1502 36 45 46 863 1016 1231 1259 3446
1503 41 87 102 171 976 2232 3447
1504 46 52 107 109 353 863 1235 1396 1662 2877
1505 78 96 102 118 190 267 305
1506 80 87 130 372 374
1507 20 45 57 61 159 187 353 382 413 1114 2226
1508 155 187 295 422 508 516 621 888 1006 1545 3262 3448
1509 22 110 131 132 137 230 472 861 1412 2777
1510 46 52 55 105 107 275 356 357 360 572 1079 1308 1517 3450 3451
1511 74 78 116 276 353 1369 1542 1754 1756
1512 78 79 127 135 185 254
1513 67 70 71 136 908 1565 3084 3453
1514 46 55 109 523 528 572 821 1103 1545 2020
1515 34 42 241 325
1516 36 60 309 843 845 846 853 1372 1479 2246 2292 2294 2296 3456 3457 3458 3459
1517 70 73 127 135 378 601 1570 1623
1518 20 35 36 165 252 486 735 1236 1526 2531 2674 2683 3460 3461
1519 53 102 109 118 197 438 875 906 1126 1986
1520 36 141 362 568 608 1140 2647
1521 43 47 52 75 96 118 126 493 3462
1522 237 238 254 3463
1523 46 105 392 528 708 764 1253 1389 2627
1524 80 253 357 358 361 863 1308 1368 3244
1525 46 109 141 527 1140
1526 47 106 295 442 696 1091 2597
1527 36 166 191 541 1303 1347 1349 3300 3466
1528 100 287 438 746 961 1046
1529 163 230 297 1257 1315 1972 2252 2341 2514 3469
1530 36 55 109 354 481 1662 2199
1531 104 133 134 137 233 374 1231 1504 2056
1532 72 74 75 96 115 127 130 133 237 832 951
1533 133 145 233 712
1534 617 1352 2461 2722 3409 3470
1535 53 136 1127 2512 2554 3127 3473
1536 1386 2036 2243 3476
1537 80 81 117 132 254 385 1918 3477
1538 21 196 462 1528 3174 3479 3480
1539 20 40 107 530 735 956 2884
1540 72 75 78 79 88 137 237 538 1359 2020
1541 80 127 128 133 538
1542 46 55 96 107 114 190 293 764 878 1095 2601
1543 104 223 227 257 275 445 487 729 883
1544 109 511 516 1088 1091 3352 3482 3483
1545 22 104 133 134 477 564 915
1546 20 22 155 479 608 1528 1672 2031 2492 3484
1547 209 210 219 250 427 543 1115 1172 1854 1980 3485
1548 55 81 87 116 171 184 239
1549 78 130 145 252 385 1889 2071 2953
1550 35 40 197 280 286 439 443 653 727 1031 1327 1442 1502 1979 2340 3487
1551 46 155 163 314 356 361 519 522 763 844 854 875 957 1114 1308 1617 3488 3489
1552 46 107 118 128 136 190 199 242 361 389 571 764 776 863 1324
1553 171 863 1409 2147
1554 47 199 208 210 303 398 589 714 776 802 804 1297 1503 3189 3490
1555 1101 2890
1556 45 54 55 212 301 703 1122 2013 2015
1557 22 46 55 957 2290
1558 57 155 158 164 418 449 676 707 959 2030 2299 2330 2829
1559 96 137 184 185 255 301 841 1760 3491
1560 52 210 235 804 873 902 914 932 941 945 2058 3492
1561 35 165 289 704 752 2012 2694 3494
1562 239 433 442 472 1278 1448 2501
1563 55 74 80 81 96 98 117 118 919 1889
1564 36 211 286 325 442 632 1225 2009 3495
1565 512 541 615 1010 1079 1586 2365 2415 2423 3220 3375 3496
1566 72 80 96 127 694 1200 1258 1324 1414 3241
1567 96 119 124 601 735 776 1624 2289 3498
1568 36 74 96 199 277 291 361 941 1078 1969
1569 492 2360 2786 3500 3501 3502
1570 41 46 78 105 131 366 527 1345
1571 104 108 111 128 154 159 187 513 1009 1712 2058 2644 3186 3503
1572 55 96 107 187 237 295 361 572 708 770
1573 75 80 87 184 230 237 373 2054
1574 78 79 80 171 206 364 374 3504
1575 87 96 102 105 131 171 254 1324 2269 3505
1576 157 178 291 426 1030 1449 2089 3508
1577 87 102 115 128 133 1153
1578 52 55 114 235 523 715 738 1079 1342 2184
1579 74 80
1580 4 47 155 242 280 305 427 456 871 971 1262 2858
1581 118 257 271 505 650 754 1052 1053 1055 1058 2302
1582 77 79 96 137 206 267 363 433 538 808 863 923 1258
1583 265 382 2302 2950
1584 34 46 52 57 105 190 293 391 392 764 2161
1585 100 197 289 704 928 945 1022 1289 2522 3494 3511 3512
1586 77 79 87 117 131 135 185 206 373 919
1587 147 715 774 2123 2194 2890 3514 3515
1588 7 63 129 132 209 325 453 507 735 957 1029 1073 1216 1388 2175 2887 3516
1589 36 46 52 55 105 114 188 243
1590 46 61 105 133 282 305 1016 1259 1589
1591 24 36 46 55 57 105 155 187 221 419 457 483 572 1374 3517
1592 77 554 923 2064 3519
1593 52 109 222 306 688 882 1103 3520
1594 79 118 171 184 185 254 267 363 538 560 1186
1595 878 1545 1859 2023 2048 2290 3522 3523
1596 45 105 110 159 223 235 1181 1469 1526 3525 3526 3527
1597 58 66 73 74 81 127 232 377 399 951 2566
1598 36 147 1140
1599 590 807 899 1322 1487 1955 1956 3244 3428 3528
1600 96 653 916 2116 2319 3338 3481 3530 3531 3532 3533 3534
1601 66 96 117 131 137 185 237
1602 46 47 55 78 266 295 1092 1589 3535
1603 36 55 96 118 159 190 528
1604 36 55 57 96 293 474 499 729 957
1605 58 73 77 80 87 117 130
1606 87 253 358 445 1082 1083 1310 1324 1607 1678
1607 155 483 509 517 727 728 732 1136 1585 3537 3538 3539 3540
1608 159 282 715 878 906 1395 1556
1609 183 184 185 203 540 674 862 919 2106 3542 3543 3544 3546 3547
1610 46 47 52 102 105 863
1611 36 47 53 56 57 109 141 223 613 1437 3548
1612 57 118 128 136 159 453 462 541 1528 1555 1923
1613 165 613 708 1502 3036
1614 79 80 87 96 115 133 135
1615 96 102 119 124 126 243 244 247 427
1616 87 372 548 2214
1617 81 87 88 134 171 254 1233 3550
1618 81 131 137 184 376 698 723 1325
1619 46 190 295 391 392 755 799 1253 3072
1620 36 66 354 2048
1621 52 113 261 356 378 946 1131 1240 1397 1526 2292 3553 3554 3555
1622 24 40 96 276 433 472 957 1044 2835 3556 3558
1623 26 105 190 1466 3559 3560
1624 366 1198 2285 2488 2806 3024 3561
1625 78 80 130 919
1626 78 79 130 131 132 185 372 538
1627 222 392 944 1127 1135 1184 2959 2960 3493 3562 3563 3564 3565 3566
1628 96 134 1122 1523 1754 2074 2162 3569
1629 53 105 154 392 891 1103 1140 1218 1556 1752 3570
1630 102 130 210 216 303 427 902
1631 55 114 126 134 528 861 1020 1397
1632 5 307 314 320 678 971 1271 1272 1604 1608 1740 3571 3572 3573 3574 3575
1633 74 75 79 80 87 127 133 361
1634 47 96 104 118 134 185 267 413 433
1635 52 91 105 109 133 832 1255 2434
1636 105 109 163 235 391 863 1253 1255 1797
1637 36 46 52 53 55 105 110 154 223 235
1638 41 75 80 87 127 135 366 371 373 1141 1788 1890 3576
1639 74 87 184 206 270 406 1697 1806 3020 3578
1640 187 293 438 474 557 765
1641 46 105 114 159 301 305 712 1875 2028 2719
1642 21 22 74 159 483
1643 60 228 241 250 347 782 788 1140 1732
1644 66 542 675 832 1580 1583 3452 3580 3581 3582 3583
1645 6 10 15 273 331 334 934 968 971 2158 2235 2589 3584
1646 96 575 653 1388 1547
1647 105 223 3585
1648 34 55 98 1303 2522 2719
1649 47 78 98 110
1650 3586 3587 3589 3592
1651 44 46 51 463 1548 2984 3168 3170 3594 3595
1652 22 80 132 230 237 267 405 539 956 1549 2071 3516
1653 79 115 135 171 184 185 206 363 373 434 923 1258 3598
1654 126 127 141 548
1655 100 291 314 382 511 883 1586 2949 3600
1656 3601 3602 3603 3604
1657 107 112 163 190 295 523 3605 3606
1658 72 79 96 237 539 1199 1412
1659 210 906 1015 1126 1502 1986 2015 2469 2797
1660 241 242 250 726 2499
1661 715 3608 3609
1662 241 250 1115 3610
1663 221 541 676 677 795 939 940 3426
1664 190 523 2120 2905 3069 3612
1665 63 76 79 127 135 184 185 206 363 434 538 699 1258
1666 35 141 462 608 752 1140 2216 2963 3613 3614
1667 114 119 441 871 971 1016 1254 1523 1606 2543 2567 3615
1668 96 3616
1669 210 1124 3618 3621 3622
1670 36
1671 132 484 897 3623
1672 45 58 75 127 128 135 385 674 951 1465 2311 3624
1673 47 55 118 437 772 776 859 1153 1525 2338
1674 74 87 96 120 127 133 135 357
1675 196 460 508 512 519 601 727 735 795 844 856 1136 1528 2593 2706 3626
1676 90 104 114 235 334 776 878 2662
1677 35 36 46 96 107 118 119 388 442 528 572 752 1030 1256 1389 2605 3627
1678 36 42 111 286 419 475 522 1389 1477
1679 538 1258 1401
1680 74 542 1293 1294 1411 3629
1681 551 2276 2785 3631 3632 3633 3634 3636 3637 3638 3639
1682 223 883 1545 1677 2065 2353
1683 158 196 197 353 438 865 1010 1136 1528 1923 3398
1684 36 42 285 450 655 1217 1225 1878
1685 53 96 119 196 510 738 998 1535 3643
1686 36 141 568 608 1140 2429 2647
1687 70 119 124 2289 3644 3645
1688 119 577 729 1236 3646
1689 608 951 1988 2371 3553 3570
1690 45 74 75 87 90 127 128 377 951 2311 3647
1691 74 77 81 87 127 133 863
1692 54 158 159 165 197 199 208 212 280 356 358 776 1278 2013
1693 70 102 120 136 1630
1694 66 74 79 90 126 185 238 363 435 1787 2336 2485 3648
1695 47 107 109 673
1696 22 257 277 799 882 883 1677
1697 2003
1698 74 131 132 133 237 254 288 389 399 957
1699 45 159 223 1807 3282 3347 3580 3650
1700 252 279 297 878 1003 1091 1128 1467 1650 3423 3651 3652
1701 40 47 52 96 109 133 134 560 915 1502 1589
1702 32 161 196 362 474 729 883 1333 2031 2669 3292 3517 3653 3654 3655 3656 3657 3658
1703 41 45 52 87 539 540
1704 47 52 79 96 114 132 134 184 252 385 1255
1705 22 104 131 137 187 353 361 413 957 1081 1308 1324 1325 1487
1706 46 105 187 392 863 1183 1253 1416
1707 70 601 1623 2268 3659 3660
1708 36 774 782 1126 2063 2577 2683 3661
1709 22 117 132 275 295 516 989 1235 3151
1710 77 863 1202 1258 1306
1711 47 55 141 352 608 920 1091 2429 2586 3423
1712 107 112 190 391 392 528 764 1103 1386 1396 3664
1713 42 47 102 118 133 267 431 652
1714 98 171 184 185 210 269 714 1410 1888 3142 3442
1715 46 50 53 100 163 235 518 708 799 821 882 1103 2795 3298
1716 42 45 119 125 286 895 1798 1836 2998 3261
1717 35 90 96 118 187 767 802 1033 1324
1718 47 118 199 302 303 494 659 776 2839
1719 22 24 131 223 230 231 276 483 891 1416 2353 2498 2985 3667
1720 145 623 625 645 1091 2360 2966 3434 3668 3669 3670
1721 36 307 332 498 887 1020 1144 2892
1722 564 3671 3672
1723 20 136 196 2161
1724 36 164 887 895 933 941 1308 3673 3674 3675
1725 563 2003
1726 43 80 96 118 210 242 477 738
1727 46 52 61 105 109 252 467 918 1461 1662 2434
1728 36 96 118 171 194 267 1461 2162
1729 105 163 473 670 906 1128 3678
1730 1901 3679 3680
1731 78 105 282 305 391 1255 1589 1974 2401
1732 22 445 485 487 685 2498 3022 3684 3686 3687
1733 7 36 217 240 242 288 1329 3688 3689
1734 66 72 145 245 399 433 492 1110 1315 1448 1754 2835
1735 24 34 131 190 196 210 1122
1736 55 118 171 254 830 859 2696
1737 46 105 107 391 392 1103 1396 2739 3690
1738 134 171 187 235 286 858 1545
1739 44 55 102 111 878 1128 1168 1175 1255 2469 2910 3441 3692
1740 46 55 105 467 1231 1259 1545 1662 2643 2992
1741 46 70 80 117 120 136 808 1448 2269
1742 154 876 1021 1248 1883 3693 3694
1744 60 102 128 232 282 906 979 980 1556 3695
1745 235 257 307 501 799 1592 2065 3365 3696 3697 3698
1746 79 171 184 185 364 437 1814
1747 77 184 185 377 832
1748 107 1003 1691 2298 2385 3298 3353 3699 3700
1749 66 72 87 98 127 131 184 185 232 377 442 1276 1278
1750 55 105 571 1095 2900 3186
1751 22 58 74 87 185 196 3701 3702
1752 52 102 105 190 210 697 3703
1753 52 96 755 771 1254 3579
1754 54 128 376 415 426 515 790 791 795 2028 3704 3705
1755 827 940 1438 3707 3708
1756 34 52 155 196 200 314 479 483 763 939 1100 3709
1757 66 75 126 276 334 385 399 446
1758 36 102 105 953
1759 196 314 462 508 510 519 967 2030 2579 2649 3235 3711 3712
1760 35 50 293 624 629 1721 2008 2142 2143 3597 3713 3714
1761 35 46 57 104 105 109 158 197 1051 1416 3715
1762 805 834 948 3716
1763 22 74 98 127 137 276 378 923 1324
1764 45 56 96 141 154 232 389 413 459 3717
1765 32 282 353 355 759 950 1190 1545 1859 2604 2730
1766 36 107 187 192 197 220 438 442 459 827 956 1046 1426 1496 3719
1767 66 74 80 109 127 130 131 136 202 382
1768 42 243 250 504 580 776 802
1769 36 97 242 347 726 740 836
1770 36 44 221 228 879 993 998 1752 2340
1771 80 185 202 204 363 859 923 1051
1772 3386 3720 3721 3722 3724
1773 422 515 601 735 794 1011 1513 1628 3191 3498 3725
1774 67 109 155 418 422 531 601 769 795 1092 1482 2264 2579 3727
1775 16 54 55 109 159 864 990 1650
1776 165 235 252 607 2193 3407 3677 3729 3730 3731 3732
1777 46 107 231 254 863 1385 3245
1778 96 118 235 282 732 776 854 1869
1779 128 358 366 594 1711 1956 3737 3738 3739
1780 36 52 53 54 102 141 154 608 1108
1781 46 52 102 105 188 282 863 1589 3156
1782 163 313 472 476 527 870 1315 1972
1783 80 128 796 1624 2311 3741
1784 213 241 1151
1785 24 224 314 343 438 460 732 971 1237 1338 1646 2674 2826 3681
1786 78 96 385 1144 1589 1604 2782
1787 362 763 959 962 1512 2969 3742 3745 3746 3747 3748 3749 3750 3751 3752 3753
1788 24 155 196 460 479 486 509 727 967 2264 2453
1789 102 306 358 395 1022 2168 2736 3034
1790 46 96 105 391 765 1446
1791 36 46 55 105 106 110 111 159 361 413
1792 46 96 105 295 446 528 722 764 1253 1389 1615
1793 45 46 52 55 276 353 389 839 1043 1197 3755
1794 46 52 105 107 118 165 391 462 1039 1298
1795 109 257 277 498 799 879 883 1105
1796 36 42 209 210 286 531 578 657 756 803 927 1777 2089 3756
1797 22 472 483 1179 3757 3758
1798 105 107 231 356 360 361 863 1078 2281
1799 75 79 98 137 184 206 267 832 1412 3760
1800 55 134 236 353 493 1122 1240 1974 3145 3533
1801 46 104 111 118 136 137 413 524 765
1802 74 79 80 98 373 538 923 3761
1803 52 96 118 126 254 560 756 3762
1804 78 135 184 206 267 363 374 413 434 538 3213 3763
1805 55 109 293 1092 1104 1341 1541 2353
1806 36 275 887 1209 2946 3765 3766 3767 3768 3769 3770
1807 55 75 121 137 267 572 1122 1239 1868 3506 3533 3771
1808 22 155 314 460 474 517 732 854 1236 1328 1968 2856 3772 3773
1809 34 40 107 133 209 231 457 481 572 858 1234 1235 1397 3774
1810 24 35 54 70 165 462 632 644 844 1671 2703 3775
1811 72 74 80 127 254 857 916 923 1144 1258 1324
1812 22 105 111 165 187 223 235 2065 3776
1813 22 55 78 105 133 137 187 572 863 923 1258 1324
1814 55 107 118 354 1183 1858 2478
1815 191 453 1712 3777 3778
1816 20 166 279 1051 1057 1351 1725 2531 3779 3780 3781
1817 72 74 81 132 957 1258
1818 55 74 187
1819 27 37 41 74 133 354 356 1082 1092 1310 1783 2020
1820 55 110 131 133 137 159 184 185 230 237 252 282 923 1651
1821 47 96 254 278 302 304 352 772
1822 36 97 188 217 250 1122 1401
1823 280 302 611 703 713 776 920 1024 1502 1594 2013 2652 3016
1824 51 104 158 159 187 1114 1494 3008
1825 36 46 105 122 476 708 3605 3783
1826 4 6 13 15 126 242 285 441 446 545 1315 3784
1827 155 196 278 445 483 729 735 883 893 1347 3785
1828 879 1616 1798 1952 2060 2094 2429 3787 3788 3789 3791 3792
1829 48 165 883 1433 2451 3793 3794 3795
1830 30 36 191 499 867 2665 3796
1831 96 126 217 242 245 254 655 726 1167 1745 3798
1832 76 79 206 374 377 538
1833 8 100 273 277 498 934 1315 2158 3470 3801 3802 3803
1834 126 555 893 931 1036 1161 1743 1760 2279 2787 2976 3805
1835 55 78 91 102 192 235 738 920 1015 1126 1171
1836 40 80 87 91 102 117 127 192 237 261 276 352 378 404 526 673 770 957 1156 3359
1837 22 77 87 127 301 376 418
1838 211 324 655 803 1290 1554 1682 1975 2170 3806 3807
1839 66 79 135 184 237 377 955 1452 1549 1651 1857
1840 41 45 48 55 56 105 133 165 292 389 442 832 1580 1777
1841 54 55 118 293 303 388 772 802 1092 3810
1842 79 80 88 96 99 101 126 130 131 185 216 1199 1421 3811
1843 0 242 545 857 1275 1315 1427 2005 2255 3812 3813 3814
1844 212 214 589 776 827 1076 1446 1690 1869 2013 3815 3817 3818
1845 55 66 98 126 132 167 253 254 406 798 951 1047 1143 1919 3217
1846 47 91 114 118 235 282 694 754 830 832 1315 1538 1556 1590 3551 3819
1847 102 134 210 1156 1261 3569
1848 66 74 127 132 204 365 552 660 3820 3821
1849 98 263 270 951 1395 3822
1850 22 132 133 237 445 499 910 975 3823
1851 46 47 87 254 863 1015 1315 1395 1461 2427
1852 118 254 446 754 1092 1315
1853 40 52 119 124 188 252 325 774 856 1401 1798 2976
1854 115 185 270 305 377 671 809 900 1556 1589 3824
1855 22 155 196 227 275 445 485 487 887 1476 1526 1618 3630 3825
1856 55 56 106 413 495 712 2058
1857 271 275 441 499 1140 1540
1858 46 55 105 391 392 863 1183
1859 52 107 295 516 765 1095 3826
1860 47 96 135 1258
1861 55 73 77 81 87 141 1202 1232 1612
1862 223 225 654 657 677 944 1444 1992 2975 3201
1863 254 358 366 998 1322 1487 1956 2293 3428 3453 3528 3827
1864 45 46 53 105 109 159 388 391 878 1555
1865 141 1140 2429
1866 133 377 980 1439 1441 2076 2210 3829 3831
1867 632 644 1291 2234 2686 2847 3714 3832 3834
1868 36 109 197 221 224 956 1536 1664 1891
1869 46 54 55 105 107 293 572 708 1092 1328 1347 2910
1870 100 196 486 508 509 519 727 763 844 908 1034 1513 2617 3709 3836 3837 3838 3839 3840 3841
1871 1 3 12 741 1029 1216 1289 1641 1906 1990 1991 2532 3494
